ionex_esag_emptyfiles/esag2710.12i
     1.0            IONOSPHERE MAPS     GPS                 IONEX VERSION / TYPE
GIM V3.0            JPL - GNISD         30-sep-2012 05:29   PGM / RUN BY / DATE 
JPL'S GLOBAL IONOSPHERE MAPS YEAR 2012 DAY 271              COMMENT             
Global Ionospheric Maps (GIM) are generated on an hourly    DESCRIPTION         
and daily basis at JPL using data from up to 100 GPS sites  DESCRIPTION         
of the IGS and others institutions.                         DESCRIPTION         
The vertical TEC is modeled in a solar-geomagnetic          DESCRIPTION         
reference frame using bi-cubic splines on a spherical grid. DESCRIPTION         
A Kalman filter is used to solve simultaneously for         DESCRIPTION         
instrumental biases and VTEC on the grid (as stochastic     DESCRIPTION         
parameters).                                                DESCRIPTION         
Contact Address:  gpsiono@cobra.jpl.nasa.gov .              DESCRIPTION         
  2012     9    27     0     0     0                        EPOCH OF FIRST MAP  
  2012     9    28     0     0     0                        EPOCH OF LAST MAP   
  7200                                                      INTERVAL            
    13                                                      # OF MAPS IN FILE   
  NONE                                                      MAPPING FUNCTION    
    10.0                                                    ELEVATION CUTOFF    
One-way carrier phase leveled to code                       OBSERVABLES USED    
   170                                                      # OF STATIONS       
    31                                                      # OF SATELLITES     
  6371.0                                                    BASE RADIUS         
     2                                                      MAP DIMENSION       
   450.0 450.0   0.0                                        HGT1 / HGT2 / DHGT  
    87.5 -87.5  -2.5                                        LAT1 / LAT2 / DLAT  
  -180.0 180.0   5.0                                        LON1 / LON2 / DLON  
    -1                                                      EXPONENT            
TEC/RMS values in 0.1 TECU; 9999, if no value available     COMMENT             
                                                            END OF HEADER       
[from data line 1287]
     4                                                      START OF TEC MAP    
  2012     9    27     6     0     0                        EPOCH OF CURRENT MAP
    87.5-180.0 180.0   5.0 450.0                            LAT/LON1/LON2/DLON/H
  228  227  225  224  223  222  221  219  218  217  215  214  212  211  209  208
  207  205  204  203  202  201  200  200  199  199  199  199  199  200  200  201
  202  203  205  206  208  209  211  213  215  217  219  221  223  225  227  228
  230  231  233  234  235  236  237  237  237  238  238  238  237  237  237  236
  235  235  234  233  232  231  230  229  228
    85.0-180.0 180.0   5.0 450.0                            LAT/LON1/LON2/DLON/H
  230  229  227  225  224  222  221  219  217  215  213  211  209  206  203  200
  197  194  191  189  186  184  182  180  179  178  177  177  178  179  180  182
  184  186  189  192  195  199  203  207  211  216  220  225  229  233  237  240
  243  246  249  251  253  254  255  256  256  256  255  254  253  252  250  248
  246  244  242  240  238  236  234  232  230
    82.5-180.0 180.0   5.0 450.0                            LAT/LON1/LON2/DLON/H
  225  222  220  219  217  216  216  215  214  212  211  208  206  202  199  194
  190  185  181  176  172  168  164  161  159  158  157  157  158  159  161  164
  167  170  174  179  184  189  195  202  208  215  222  228  235  241  247  253
  258  262  265  268  270  272  273  273  273  272  270  269  266  263  260  257
  253  249  245  242  238  234  231  228  225
    80.0-180.0 180.0   5.0 450.0                            LAT/LON1/LON2/DLON/H
  212  208  205  203  202  202  202  203  204  205  205  204  202  199  195  190
  184  178  171  165  159  153  149  145  142  141  140  141  142  144  146  150
  153  158  163  168  174  181  189  197  205  214  223  232  241  250  257  264
  270  275  279  282  284  286  287  287  286  285  283  280  277  272  268  263
  257  251  245  239  233  227  222  216  212
    77.5-180.0 180.0   5.0 450.0                            LAT/LON1/LON2/DLON/H
  196  190  185  182  180  180  182  185  189  193  197  199  200  198  194  188
  181  172  164  155  148  141  135  131  129  128  127  128  130  132  136  139
  144  149  154  160  167  175  183  193  203  214  225  237  248  258  267  274
  280  285  289  291  293  294  294  295  294  293  291  288  285  280  275  269
  262  254  246  237  228  220  211  203  196
    75.0-180.0 180.0   5.0 450.0                            LAT/LON1/LON2/DLON/H
  183  173  166  160  158  157  160  165  173  181  188  193  196  195  191  184
  176  166  156  147  138  131  125  121  118  118  118  119  121  123  127  131
  135  141  146  153  161  169  179  189  201  214  227  241  254  266  276  283
  288  292  293  294  295  295  296  297  297  297  296  294  291  287  282  276
  268  260  250  240  228  217  205  194  183
    72.5-180.0 180.0   5.0 450.0                            LAT/LON1/LON2/DLON/H
  181  167  156  147  141  140  142  149  158  168  178  185  188  188  184  177
  168  158  148  139  130  122  116  113  111  111  112  113  115  117  119  123
  127  132  138  146  154  163  174  186  199  213  228  244  260  274  285  292
  296  297  296  294  293  294  295  296  298  300  300  300  298  295  290  285
  277  269  259  247  235  222  208  194  181
    70.0-180.0 180.0   5.0 450.0                            LAT/LON1/LON2/DLON/H
  191  176  161  147  137  132  132  137  146  156  166  173  175  174  171  165
  157  149  141  132  123  115  110  107  106  106  108  109  111  112  113  115
  118  123  130  138  147  157  169  181  195  211  229  247  266  282  295  302
  304  303  299  296  293  293  294  297  301  304  306  306  305  303  299  294
  287  279  269  258  247  234  220  206  191
    67.5-180.0 180.0   5.0 450.0                            LAT/LON1/LON2/DLON/H
  210  194  177  161  146  136  131  132  138  146  153  158  159  158  154  150
  145  139  132  124  116  109  104  102  102  104  106  108  109  109  109  109
  111  115  121  130  140  151  163  176  191  209  229  250  272  291  305  313
  315  312  306  300  297  296  299  303  308  312  314  315  313  311  307  301
  295  287  279  270  260  249  237  225  210
    65.0-180.0 180.0   5.0 450.0                            LAT/LON1/LON2/DLON/H
  233  218  200  181  163  148  138  134  134  138  141  142  142  140  137  134
  132  128  123  116  109  103  100   99  101  103  106  108  110  109  107  106
  106  109  115  123  133  145  158  172  189  207  229  254  278  301  317  326
  327  323  317  311  308  308  312  317  322  326  328  326  323  318  313  306
  299  292  285  278  271  263  255  245  233
    62.5-180.0 180.0   5.0 450.0                            LAT/LON1/LON2/DLON/H
  251  239  222  202  181  163  148  139  134  132  131  129  126  124  122  121
  120  118  114  108  103   98   96   97  100  104  108  110  111  110  108  105
  104  106  111  119  130  142  155  170  188  208  232  259  287  312  331  341
  342  338  333  328  325  327  332  338  343  346  345  341  334  326  318  309
  300  292  286  280  275  270  266  260  251
    60.0-180.0 180.0   5.0 450.0                            LAT/LON1/LON2/DLON/H
  260  251  237  218  197  176  158  145  136  129  124  119  115  112  110  110
  110  110  107  103   98   95   95   98  102  107  111  114  115  114  111  107
  105  106  110  118  128  141  155  171  190  212  239  269  300  327  346  356
  358  354  350  347  347  351  357  363  368  368  365  357  347  336  324  312
  301  291  283  278  274  271  268  265  260
    57.5-180.0 180.0   5.0 450.0                            LAT/LON1/LON2/DLON/H
  258  251  240  224  205  185  166  151  138  129  121  114  108  105  104  104
  105  105  103  100   96   95   97  101  107  113  117  119  120  118  115  112
  109  109  113  120  130  142  157  175  195  220  250  283  316  345  364  373
  375  371  368  368  371  377  384  391  394  393  386  375  362  348  333  318
  303  291  282  275  271  268  265  262  258
    55.0-180.0 180.0   5.0 450.0                            LAT/LON1/LON2/DLON/H
  250  244  236  223  207  189  171  156  142  131  121  113  106  103  102  103
  104  104  103  100   98   99  102  108  115  121  125  126  126  124  121  117
  115  115  117  124  134  147  163  182  205  232  264  299  334  364  383  392
  391  388  386  389  395  404  412  418  420  416  407  394  379  363  347  329
  311  296  284  276  270  265  260  255  250
    52.5-180.0 180.0   5.0 450.0                            LAT/LON1/LON2/DLON/H
  242  235  228  217  204  189  174  160  147  135  125  115  108  104  103  104
  105  106  105  104  104  106  111  118  125  131  134  134  133  130  127  124
  121  121  123  129  139  153  171  192  217  246  280  316  352  383  402  410
  408  404  402  408  417  429  438  443  443  437  427  413  398  382  365  346
  326  308  294  283  275  266  257  249  242
    50.0-180.0 180.0   5.0 450.0                            LAT/LON1/LON2/DLON/H
  237  228  220  211  199  187  175  164  154  143  131  121  113  108  107  108
  109  110  110  110  112  116  122  130  137  143  145  144  141  138  134  130
  128  128  130  136  146  161  180  203  230  261  295  332  368  400  420  428
  425  419  418  425  437  451  460  464  462  454  443  428  414  400  385  367
  346  325  309  298  288  276  263  249  237
    47.5-180.0 180.0   5.0 450.0                            LAT/LON1/LON2/DLON/H
  240  227  216  205  194  183  175  168  160  152  140  129  119  114  112  113
  114  115  116  118  121  127  134  142  150  155  156  155  151  146  141  137
  134  134  136  142  153  169  190  215  243  275  309  345  381  412  435  444
  441  434  432  440  455  469  478  480  475  465  452  438  426  414  402  385
  365  345  328  317  306  293  275  257  240
    45.0-180.0 180.0   5.0 450.0                            LAT/LON1/LON2/DLON/H
  249  231  216  201  188  177  172  169  166  160  150  138  127  121  118  118
  119  120  122  125  131  138  146  155  162  167  168  166  161  154  148  143
  141  140  142  148  159  177  200  227  256  287  320  355  389  421  445  457
  455  449  446  455  470  484  490  489  481  469  454  440  428  420  411  398
  381  362  347  337  328  314  294  271  249
    42.5-180.0 180.0   5.0 450.0                            LAT/LON1/LON2/DLON/H
  266  242  220  200  182  169  165  167  169  167  160  148  137  129  125  124
  125  126  128  132  139  148  157  166  173  178  179  177  171  164  156  150
  147  146  148  153  165  184  209  238  268  299  330  362  394  426  452  466
  467  462  461  469  482  493  497  492  481  466  448  433  422  416  411  403
  390  375  363  356  349  336  316  291  266
    40.0-180.0 180.0   5.0 450.0                            LAT/LON1/LON2/DLON/H
  288  258  229  201  178  162  158  162  169  172  168  158  147  139  134  132
  131  132  134  139  146  156  167  177  184  188  189  187  182  173  164  157
  153  151  152  158  170  190  218  249  280  309  337  367  397  428  454  471
  475  474  475  484  495  503  503  496  482  465  446  429  417  411  408  405
  397  386  376  371  368  359  341  316  288
    37.5-180.0 180.0   5.0 450.0                            LAT/LON1/LON2/DLON/H
  316  281  243  208  180  161  155  159  168  175  176  169  160  151  145  140
  139  139  141  145  153  164  176  187  194  198  199  198  192  183  173  166
  160  157  157  161  173  195  226  259  290  318  344  370  398  427  453  472
  480  484  490  501  513  519  518  510  495  477  457  437  423  415  413  414
  410  401  393  389  387  382  368  346  316
    35.0-180.0 180.0   5.0 450.0                            LAT/LON1/LON2/DLON/H
  352  309  264  224  192  170  160  162  170  179  183  181  174  165  157  151
  148  147  148  152  159  172  185  197  205  209  210  208  202  193  183  175
  168  163  161  164  176  200  233  269  301  327  350  372  397  424  450  470
  482  493  507  524  539  548  549  543  530  513  493  471  452  439  437  438
  437  430  420  415  414  411  402  383  352
    32.5-180.0 180.0   5.0 450.0                            LAT/LON1/LON2/DLON/H
  396  347  294  251  219  195  180  175  178  185  191  192  188  180  171  164
  160  157  157  159  166  180  195  209  218  222  221  218  211  201  192  184
  176  169  164  166  179  205  240  278  311  336  355  373  395  421  447  467
  484  502  527  553  577  595  604  603  595  583  565  540  514  494  488  488
  487  479  466  456  452  451  446  430  396
    30.0-180.0 180.0   5.0 450.0                            LAT/LON1/LON2/DLON/H
  451  395  338  295  264  240  218  203  195  195  199  202  199  192  184  176
  171  168  166  166  173  188  206  222  232  236  233  227  219  210  201  193
  183  173  166  168  182  210  248  287  320  343  359  374  394  419  444  466
  486  512  549  590  629  660  680  687  685  679  665  638  604  577  566  564
  563  553  536  518  509  506  502  487  451
    27.5-180.0 180.0   5.0 450.0                            LAT/LON1/LON2/DLON/H
  516  456  398  359  332  307  277  248  223  208  206  207  207  201  192  184
  180  177  174  173  181  197  217  235  248  250  245  236  226  217  208  200
  189  175  167  170  186  216  255  294  327  350  363  376  394  418  444  467
  490  523  571  628  683  729  760  774  778  778  768  741  702  670  655  653
  652  642  622  599  583  577  573  556  516
    25.0-180.0 180.0   5.0 450.0                            LAT/LON1/LON2/DLON/H
  593  534  479  446  425  398  358  310  263  229  214  210  208  202  194  188
  184  183  180  180  188  206  229  250  263  264  256  244  233  223  214  205
  191  175  166  170  189  220  260  300  333  355  367  377  394  420  447  471
  496  535  592  660  728  787  827  845  852  858  854  829  790  756  741  738
  738  730  709  683  663  657  653  635  593
    22.5-180.0 180.0   5.0 450.0                            LAT/LON1/LON2/DLON/H
  672  622  580  559  544  514  461  393  321  264  232  217  209  200  191  185
  182  184  184  186  196  216  242  265  278  277  266  250  238  228  218  207
  190  172  161  167  189  223  263  304  337  358  369  379  397  423  453  479
  506  547  608  682  756  819  861  879  887  896  897  879  846  817  805  804
  806  801  783  757  737  731  728  710  672
    20.0-180.0 180.0   5.0 450.0                            LAT/LON1/LON2/DLON/H
  737  704  683  681  681  655  590  499  401  319  267  238  219  204  191  182
  179  182  186  192  205  227  255  279  291  288  273  255  241  231  220  206
  186  165  154  162  187  222  263  304  337  358  370  382  401  430  462  491
  520  560  619  688  756  814  850  864  870  880  887  880  860  842  835  837
  841  840  828  806  789  786  784  769  737
    17.5-180.0 180.0   5.0 450.0                            LAT/LON1/LON2/DLON/H
  773  759  764  788  810  797  730  625  508  403  330  282  249  222  202  189
  184  186  192  200  215  240  269  292  301  295  277  257  242  230  218  200
  178  155  144  153  180  216  259  302  336  358  371  385  407  438  475  508
  537  575  624  679  732  777  804  812  817  827  840  845  842  838  837  839
  842  843  835  821  810  810  810  796  773
    15.0-180.0 180.0   5.0 450.0                            LAT/LON1/LON2/DLON/H
  763  768  799  851  901  909  852  749  628  514  424  358  306  264  234  214
  204  202  205  213  228  253  282  302  307  297  277  255  238  225  210  190
  165  142  131  142  169  208  252  297  334  357  372  389  415  450  490  527
  558  591  627  663  698  727  744  748  751  763  781  798  810  818  821  822
  822  821  816  806  799  798  794  778  763
    12.5-180.0 180.0   5.0 450.0                            LAT/LON1/LON2/DLON/H
  701  712  762  841  922  959  926  841  735  627  534  458  392  336  295  268
  249  235  229  233  246  268  292  307  307  293  270  247  229  214  197  175
  149  126  117  129  159  199  245  292  331  356  374  396  425  463  506  546
  579  607  631  649  666  682  691  694  697  711  733  758  780  795  801  799
  794  788  783  776  768  761  746  720  701
    10.0-180.0 180.0   5.0 450.0                            LAT/LON1/LON2/DLON/H
  609  610  656  743  847  918  922  875  804  720  636  558  487  425  379  349
  321  291  269  263  270  284  299  306  299  281  258  234  214  198  179  155
  130  110  104  119  150  192  240  288  328  355  377  402  434  474  519  561
  595  621  635  642  649  659  667  671  678  695  719  745  768  783  787  782
  771  758  749  741  730  713  685  643  609
     7.5-180.0 180.0   5.0 450.0                            LAT/LON1/LON2/DLON/H
  515  493  518  592  693  780  821  827  810  768  705  637  570  510  466  437
  404  357  317  299  297  300  302  298  284  263  241  218  197  178  159  137
  114   97   96  114  147  190  238  286  326  355  379  407  441  481  526  569
  604  629  642  647  654  666  677  685  696  716  741  761  775  784  785  778
  761  743  728  714  697  670  627  568  515
     5.0-180.0 180.0   5.0 450.0                            LAT/LON1/LON2/DLON/H
  448  398  389  432  512  595  657  705  743  750  719  670  619  572  538  515
  478  418  362  333  322  313  301  286  265  244  223  202  181  161  142  122
  104   91   94  116  151  194  241  286  323  352  379  408  442  481  524  566
  602  630  648  660  675  693  710  723  737  759  781  793  793  791  789  780
  761  739  719  700  677  644  593  522  448
     2.5-180.0 180.0   5.0 450.0                            LAT/LON1/LON2/DLON/H
  439  360  311  311  354  416  482  557  636  681  675  645  616  591  575  561
  526  459  393  356  338  319  295  271  247  226  208  189  168  148  131  116
  102   95  101  124  160  202  245  286  320  348  375  404  436  472  513  553
  591  623  650  674  700  727  751  768  785  807  825  826  812  799  793  782
  763  738  715  693  668  636  590  522  439
