ionex_esag_emptyfiles/esag2730.12i
     1.0            IONOSPHERE MAPS     GPS                 IONEX VERSION / TYPE
GIM V3.0            JPL - GNISD         02-oct-2012 05:41   PGM / RUN BY / DATE 
JPL'S GLOBAL IONOSPHERE MAPS YEAR 2012 DAY 273              COMMENT             
Global Ionospheric Maps (GIM) are generated on an hourly    DESCRIPTION         
and daily basis at JPL using data from up to 100 GPS sites  DESCRIPTION         
of the IGS and others institutions.                         DESCRIPTION         
The vertical TEC is modeled in a solar-geomagnetic          DESCRIPTION         
reference frame using bi-cubic splines on a spherical grid. DESCRIPTION         
A Kalman filter is used to solve simultaneously for         DESCRIPTION         
instrumental biases and VTEC on the grid (as stochastic     DESCRIPTION         
parameters).                                                DESCRIPTION         
Contact Address:  gpsiono@cobra.jpl.nasa.gov .              DESCRIPTION         
  2012     9    29     0     0     0                        EPOCH OF FIRST MAP  
  2012     9    30     0     0     0                        EPOCH OF LAST MAP   
  7200                                                      INTERVAL            
    13                                                      # OF MAPS IN FILE   
  NONE                                                      MAPPING FUNCTION    
    10.0                                                    ELEVATION CUTOFF    
One-way carrier phase leveled to code                       OBSERVABLES USED    
   170                                                      # OF STATIONS       
    31                                                      # OF SATELLITES     
  6371.0                                                    BASE RADIUS         
     2                                                      MAP DIMENSION       
   450.0 450.0   0.0                                        HGT1 / HGT2 / DHGT  
    87.5 -87.5  -2.5                                        LAT1 / LAT2 / DLAT  
  -180.0 180.0   5.0                                        LON1 / LON2 / DLON  
    -1                                                      EXPONENT            
TEC/RMS values in 0.1 TECU; 9999, if no value available     COMMENT             
                                                            END OF HEADER       
[from data line 3003]
     8                                                      START OF TEC MAP    
  2012     9    29    14     0     0                        EPOCH OF CURRENT MAP
    87.5-180.0 180.0   5.0 450.0                            LAT/LON1/LON2/DLON/H
  227  229  232  234  236  238  240  242  243  245  246  247  248  249  250  251
  251  251  252  251  251  251  250  249  249  248  246  245  244  242  241  239
  237  235  234  232  230  228  226  224  222  220  218  217  215  213  212  210
  209  208  207  206  205  205  204  204  204  204  205  205  206  207  208  210
  211  213  215  217  219  221  223  225  227
    85.0-180.0 180.0   5.0 450.0                            LAT/LON1/LON2/DLON/H
  220  224  228  232  236  240  243  247  250  253  256  258  261  263  264  266
  267  267  268  268  268  267  266  265  264  262  260  258  256  253  250  247
  244  241  237  234  230  227  224  220  217  213  210  207  203  200  197  194
  191  189  187  184  183  181  180  179  178  178  179  180  181  183  185  187
  190  193  196  200  204  207  211  216  220
    82.5-180.0 180.0   5.0 450.0                            LAT/LON1/LON2/DLON/H
  204  210  215  220  225  231  236  241  246  250  254  258  262  265  268  270
  272  274  276  277  278  278  278  277  276  275  272  270  267  263  260  256
  251  247  242  238  233  229  224  220  216  211  207  202  197  193  188  184
  180  176  172  168  165  162  160  158  156  156  156  156  157  159  162  165
  168  172  176  180  185  189  194  199  204
    80.0-180.0 180.0   5.0 450.0                            LAT/LON1/LON2/DLON/H
  182  187  193  199  205  211  218  224  230  237  242  248  252  257  261  265
  268  272  275  278  281  284  285  286  287  286  285  283  280  276  272  267
  262  257  251  246  241  236  231  225  220  215  209  203  198  192  186  180
  175  169  164  159  155  150  146  143  141  139  138  138  138  140  142  144
  147  151  155  159  163  168  172  177  182
    77.5-180.0 180.0   5.0 450.0                            LAT/LON1/LON2/DLON/H
  155  159  165  171  177  184  191  199  207  214  222  228  235  240  245  251
  256  261  266  272  278  284  289  293  296  298  298  297  295  291  287  282
  277  271  266  260  255  249  243  237  231  224  218  211  204  197  190  184
  177  171  165  159  153  148  143  139  135  131  129  128  127  128  128  130
  131  133  136  138  141  144  147  150  155
    75.0-180.0 180.0   5.0 450.0                            LAT/LON1/LON2/DLON/H
  126  130  134  140  146  153  161  170  178  187  195  204  211  218  225  231
  238  245  253  261  270  280  289  297  304  308  310  311  309  306  303  299
  294  289  285  279  274  268  261  254  247  239  232  224  216  208  200  193
  186  180  173  167  161  154  148  143  137  133  129  126  124  122  122  121
  121  121  120  120  120  121  122  123  126
    72.5-180.0 180.0   5.0 450.0                            LAT/LON1/LON2/DLON/H
  101  103  107  111  117  124  132  140  149  159  168  177  186  194  202  210
  218  227  237  249  262  275  287  299  308  315  319  321  320  318  315  312
  310  307  304  300  294  289  282  274  266  258  249  240  231  223  214  207
  200  193  186  179  172  165  158  151  144  138  133  129  125  122  119  117
  114  112  109  106  103  101  100  100  101
    70.0-180.0 180.0   5.0 450.0                            LAT/LON1/LON2/DLON/H
   82   83   85   89   93   99  106  114  123  132  143  153  163  173  182  191
  200  211  224  238  254  270  285  298  310  318  323  325  325  323  321  320
  320  320  319  317  313  308  302  294  286  277  268  258  249  239  230  221
  214  206  199  192  184  176  168  160  152  145  138  133  128  124  119  115
  111  106  101   96   91   87   83   82   82
    67.5-180.0 180.0   5.0 450.0                            LAT/LON1/LON2/DLON/H
   70   70   72   74   78   82   88   94  102  111  121  133  144  155  166  177
  188  201  215  232  249  266  282  296  308  316  321  323  323  322  322  322
  324  326  328  329  327  324  318  311  303  295  286  276  266  255  245  235
  226  218  209  201  192  182  173  164  155  148  141  135  130  125  120  115
  110  105   98   91   85   78   74   71   70
    65.0-180.0 180.0   5.0 450.0                            LAT/LON1/LON2/DLON/H
   66   65   66   68   71   74   78   82   88   96  106  117  129  142  155  168
  182  197  213  231  249  266  280  293  303  310  314  315  316  316  317  319
  323  328  332  334  335  332  328  322  316  310  302  293  282  270  258  246
  235  224  213  203  192  180  170  160  152  145  139  134  129  124  120  116
  112  107  101   93   85   78   72   68   66
    62.5-180.0 180.0   5.0 450.0                            LAT/LON1/LON2/DLON/H
   70   68   68   69   71   73   75   78   81   87   95  106  119  133  148  164
  181  198  216  234  252  267  279  289  296  301  304  306  307  309  312  316
  320  326  330  334  335  335  332  329  325  321  316  307  296  282  267  252
  238  225  211  198  185  172  161  152  145  140  135  131  127  123  120  118
  116  113  108  102   94   86   78   73   70
    60.0-180.0 180.0   5.0 450.0                            LAT/LON1/LON2/DLON/H
   80   77   75   75   76   77   77   78   79   83   89   98  111  127  145  164
  183  203  222  240  256  269  279  286  290  294  296  298  301  304  309  314
  319  324  328  331  333  334  334  333  332  331  327  320  308  292  273  255
  238  222  206  191  176  163  151  143  138  135  133  130  127  125  124  123
  124  123  121  116  108  100   92   85   80
    57.5-180.0 180.0   5.0 450.0                            LAT/LON1/LON2/DLON/H
   95   90   87   85   85   85   84   82   81   82   86   94  107  123  144  166
  189  210  229  246  260  271  278  282  286  289  292  295  300  306  312  318
  322  325  327  329  332  334  335  336  337  338  338  332  319  300  279  257
  238  219  202  185  169  155  145  138  136  135  135  134  133  131  131  132
  135  136  136  132  126  118  110  102   95
    55.0-180.0 180.0   5.0 450.0                            LAT/LON1/LON2/DLON/H
  111  105  100   97   96   94   92   89   86   84   86   92  105  123  146  172
  196  218  236  251  263  271  276  280  284  288  293  299  306  314  321  326
  329  330  331  332  334  337  339  341  344  346  347  342  329  309  285  261
  239  220  201  184  167  154  145  142  142  144  146  146  145  144  144  145
  148  151  151  149  144  137  128  119  111
    52.5-180.0 180.0   5.0 450.0                            LAT/LON1/LON2/DLON/H
  126  119  113  109  107  105  102   99   94   90   89   94  106  125  151  179
  205  226  242  254  264  270  275  279  284  291  299  308  317  326  333  338
  339  339  338  339  343  347  349  350  352  355  357  353  339  318  293  268
  246  226  207  190  174  162  155  154  156  160  163  164  163  162  161  161
  163  164  164  163  159  153  144  135  126
    50.0-180.0 180.0   5.0 450.0                            LAT/LON1/LON2/DLON/H
  137  129  122  118  115  113  112  109  103   98   95   98  110  131  158  188
  214  234  247  257  264  269  273  279  286  296  306  318  329  338  345  349
  350  350  350  353  358  363  365  364  364  365  366  362  350  329  304  280
  258  237  219  201  186  174  169  169  173  178  181  181  181  179  178  177
  176  175  173  172  169  163  156  147  137
    47.5-180.0 180.0   5.0 450.0                            LAT/LON1/LON2/DLON/H
  143  134  127  122  119  119  119  117  113  107  103  106  118  139  168  198
  223  241  253  260  265  269  273  280  289  301  313  326  338  348  354  358
  360  361  364  370  378  384  386  383  378  377  376  371  360  341  318  295
  274  253  234  215  199  188  183  184  188  192  193  193  192  191  190  188
  184  181  178  176  174  169  162  153  143
    45.0-180.0 180.0   5.0 450.0                            LAT/LON1/LON2/DLON/H
  144  134  125  119  117  118  121  122  120  116  113  116  129  150  179  208
  233  249  259  265  268  271  276  283  293  304  317  330  342  351  358  362
  367  372  380  390  400  408  409  404  396  390  387  382  373  356  336  315
  293  271  250  230  212  199  193  194  196  197  195  193  192  192  192  191
  187  183  179  176  174  170  163  154  144
    42.5-180.0 180.0   5.0 450.0                            LAT/LON1/LON2/DLON/H
  140  130  120  112  109  110  116  122  124  123  123  128  141  162  190  219
  242  258  266  271  274  277  281  287  296  306  318  330  341  350  358  365
  373  383  396  410  423  433  435  429  419  410  405  400  392  378  360  338
  314  290  265  242  221  206  197  195  194  191  184  179  178  180  183  184
  183  180  176  173  171  167  160  151  140
    40.0-180.0 180.0   5.0 450.0                            LAT/LON1/LON2/DLON/H
  134  123  113  103   98   99  106  116  124  128  132  139  153  174  201  228
  251  266  274  279  282  285  288  293  299  308  317  328  338  348  357  366
  379  395  414  431  447  458  464  461  451  441  434  430  423  409  390  366
  338  309  280  253  231  213  203  198  193  183  171  162  159  163  168  173
  176  174  170  167  164  159  153  144  134
    37.5-180.0 180.0   5.0 450.0                            LAT/LON1/LON2/DLON/H
  127  117  107   96   88   88   96  108  121  131  140  150  164  184  210  237
  259  273  282  287  291  294  296  299  304  310  317  326  336  346  357  370
  388  410  433  455  475  491  502  504  498  488  482  477  470  455  431  401
  366  331  299  272  250  233  222  213  203  186  167  153  149  152  159  166
  171  172  169  164  158  151  144  136  127
    35.0-180.0 180.0   5.0 450.0                            LAT/LON1/LON2/DLON/H
  121  114  104   93   83   80   87  101  117  132  146  158  173  193  218  244
  265  279  288  295  300  303  305  307  309  313  320  328  338  349  362  379
  402  430  460  489  515  538  556  565  564  557  551  546  535  514  482  443
  400  361  329  307  290  277  266  254  236  211  186  167  158  158  163  171
  178  179  176  168  158  147  137  129  121
    32.5-180.0 180.0   5.0 450.0                            LAT/LON1/LON2/DLON/H
  119  114  107   97   86   80   84   96  113  132  149  163  178  199  225  250
  270  283  293  300  306  310  313  314  315  319  326  335  346  359  375  396
  425  461  500  538  575  607  634  651  653  647  638  629  611  582  541  492
  443  402  375  364  360  356  347  330  304  270  237  213  198  191  191  196
  201  202  197  186  168  151  136  126  119
    30.0-180.0 180.0   5.0 450.0                            LAT/LON1/LON2/DLON/H
  124  120  116  108   97   88   88   95  110  129  148  164  181  203  230  255
  274  287  296  304  310  316  320  321  323  328  337  349  363  379  399  424
  459  505  556  609  660  705  740  757  757  745  730  713  690  654  605  549
  495  457  442  448  463  469  460  436  398  353  315  286  266  251  243  242
  244  244  238  222  195  168  146  132  124
    27.5-180.0 180.0   5.0 450.0                            LAT/LON1/LON2/DLON/H
  136  131  129  122  112  102   96   98  108  124  142  160  180  205  235  261
  279  291  300  307  314  321  326  329  332  340  354  371  390  411  436  467
  509  566  634  705  772  824  856  866  856  833  809  786  760  722  670  609
  556  523  519  544  576  589  578  544  494  440  399  369  345  323  307  299
  298  299  294  274  239  202  170  149  136
    25.0-180.0 180.0   5.0 450.0                            LAT/LON1/LON2/DLON/H
  157  148  144  139  129  117  107  102  105  116  132  151  175  207  240  268
  285  297  304  312  319  327  334  339  344  356  376  401  429  459  491  527
  577  645  726  811  886  937  960  955  930  894  860  833  810  779  729  668
  614  585  591  629  672  688  670  626  566  508  468  442  418  393  371  358
  353  355  352  331  291  245  206  176  157
    22.5-180.0 180.0   5.0 450.0                            LAT/LON1/LON2/DLON/H
  182  168  161  155  146  132  118  107  103  107  120  140  169  207  246  276
  294  305  312  319  327  336  344  351  360  377  405  441  481  523  563  602
  654  728  815  905  979 1021 1025 1001  960  911  870  845  834  818  775  715
  661  632  639  680  724  735  705  650  586  532  501  485  469  447  424  407
  399  401  401  381  338  288  243  207  182
    20.0-180.0 180.0   5.0 450.0                            LAT/LON1/LON2/DLON/H
  205  186  175  169  159  144  127  112  102  100  109  129  163  208  252  285
  305  317  324  330  338  347  357  366  379  401  439  487  541  596  641  679
  727  798  882  964 1025 1047 1028  984  931  881  844  829  835  835  803  744
  686  651  648  679  710  704  659  598  540  500  488  490  488  475  455  437
  426  427  428  411  370  320  273  234  205
    17.5-180.0 180.0   5.0 450.0                            LAT/LON1/LON2/DLON/H
  220  198  186  177  167  152  135  118  104   97  101  121  158  208  257  293
  317  330  338  344  352  362  373  385  401  430  476  536  603  666  713  744
  782  840  907  968 1002  998  961  910  862  822  797  795  816  830  805  746
  682  634  612  621  631  608  552  492  451  435  446  468  483  483  469  449
  433  429  428  413  378  333  290  251  220
    15.0-180.0 180.0   5.0 450.0                            LAT/LON1/LON2/DLON/H
  224  203  189  180  170  156  139  124  110   99  100  118  156  208  260  299
  327  344  354  362  370  380  393  407  426  460  514  583  657  723  765  785
  805  840  879  909  916  894  852  809  776  754  744  754  784  803  780  721
  651  589  547  533  523  485  424  372  352  363  397  439  470  482  474  451
  428  416  409  393  363  324  286  252  224
    12.5-180.0 180.0   5.0 450.0                            LAT/LON1/LON2/DLON/H
  216  197  185  176  167  154  140  127  115  104  103  119  155  206  258  302
  335  357  371  381  391  402  415  432  455  492  550  623  697  756  786  789
  788  799  811  814  800  771  735  709  698  697  703  721  749  762  737  679
  608  535  476  443  419  374  314  275  278  313  366  420  461  481  476  450
  419  398  383  364  336  303  269  239  216
    10.0-180.0 180.0   5.0 450.0                            LAT/LON1/LON2/DLON/H
  201  186  174  165  156  145  135  127  118  109  107  122  156  203  254  300
  340  369  389  402  413  425  441  460  485  524  583  653  718  763  777  765
  748  739  730  713  688  662  644  643  656  672  686  701  717  719  689  635
  566  488  418  375  350  311  263  239  261  313  373  428  470  490  483  453
  416  385  361  336  309  278  247  221  201
     7.5-180.0 180.0   5.0 450.0                            LAT/LON1/LON2/DLON/H
  186  173  161  151  141  131  124  120  116  110  110  125  157  200  248  296
  342  380  406  424  438  451  468  490  517  556  611  674  726  753  751  729
  703  681  661  637  615  605  612  632  658  678  689  695  696  683  650  601
  540  463  391  353  340  318  285  274  307  363  419  464  496  509  499  466
  424  387  354  323  292  259  227  203  186
     5.0-180.0 180.0   5.0 450.0                            LAT/LON1/LON2/DLON/H
  176  162  149  137  125  115  109  108  108  106  110  127  157  197  243  294
  345  389  422  445  461  477  496  519  548  585  635  688  726  736  723  697
  670  648  628  612  604  612  636  667  693  706  708  702  688  664  631  592
  539  467  400  373  378  377  359  357  392  443  485  514  530  533  517  482
  441  402  365  328  291  254  219  192  176
     2.5-180.0 180.0   5.0 450.0                            LAT/LON1/LON2/DLON/H
  175  160  143  127  113  102   95   94   95   97  105  126  158  197  242  294
  349  398  435  463  482  500  521  546  575  610  654  697  722  721  705  684
  667  653  644  639  644  665  698  729  746  746  735  717  694  667  637  605
  559  493  433  418  442  462  458  461  493  532  555  563  563  554  532  497
  459  423  385  345  303  261  223  194  175
