ionex_esag_emptyfiles/esag2670.12i
     1.0            IONOSPHERE MAPS     GPS                 IONEX VERSION / TYPE
GIM V3.0            JPL - GNISD         26-sep-2012 05:40   PGM / RUN BY / DATE 
JPL'S GLOBAL IONOSPHERE MAPS YEAR 2012 DAY 267              COMMENT             
Global Ionospheric Maps (GIM) are generated on an hourly    DESCRIPTION         
and daily basis at JPL using data from up to 100 GPS sites  DESCRIPTION         
of the IGS and others institutions.                         DESCRIPTION         
The vertical TEC is modeled in a solar-geomagnetic          DESCRIPTION         
reference frame using bi-cubic splines on a spherical grid. DESCRIPTION         
A Kalman filter is used to solve simultaneously for         DESCRIPTION         
instrumental biases and VTEC on the grid (as stochastic     DESCRIPTION         
parameters).                                                DESCRIPTION         
Contact Address:  gpsiono@cobra.jpl.nasa.gov .              DESCRIPTION         
  2012     9    23     0     0     0                        EPOCH OF FIRST MAP  
  2012     9    24     0     0     0                        EPOCH OF LAST MAP   
  7200                                                      INTERVAL            
    13                                                      # OF MAPS IN FILE   
  NONE                                                      MAPPING FUNCTION    
    10.0                                                    ELEVATION CUTOFF    
One-way carrier phase leveled to code                       OBSERVABLES USED    
   170                                                      # OF STATIONS       
    31                                                      # OF SATELLITES     
  6371.0                                                    BASE RADIUS         
     2                                                      MAP DIMENSION       
   450.0 450.0   0.0                                        HGT1 / HGT2 / DHGT  
    87.5 -87.5  -2.5                                        LAT1 / LAT2 / DLAT  
  -180.0 180.0   5.0                                        LON1 / LON2 / DLON  
    -1                                                      EXPONENT            
TEC/RMS values in 0.1 TECU; 9999, if no value available     COMMENT             
                                                            END OF HEADER       
[from data line 3861]
    10                                                      START OF TEC MAP    
  2012     9    23    18     0     0                        EPOCH OF CURRENT MAP
    87.5-180.0 180.0   5.0 450.0                            LAT/LON1/LON2/DLON/H
  173  175  176  178  180  181  183  184  185  186  187  188  188  189  189  189
  189  189  188  188  187  187  186  185  184  183  182  181  180  179  178  176
  175  174  172  171  169  168  166  165  163  162  161  159  158  157  156  155
  154  153  152  152  151  151  151  151  151  152  152  153  154  155  156  157
  159  160  162  163  165  167  169  171  173
    85.0-180.0 180.0   5.0 450.0                            LAT/LON1/LON2/DLON/H
  175  179  183  187  190  194  197  200  202  204  205  206  207  207  207  207
  206  205  204  203  201  200  198  197  195  193  192  190  188  186  184  182
  180  177  175  172  170  167  164  161  159  156  153  150  147  145  143  140
  138  137  135  134  133  132  131  131  131  132  133  134  135  137  139  141
  144  147  151  154  158  162  166  170  175
    82.5-180.0 180.0   5.0 450.0                            LAT/LON1/LON2/DLON/H
  176  182  189  195  201  206  211  215  219  222  224  225  225  225  225  224
  222  220  218  216  213  211  209  206  204  202  200  198  196  194  192  189
  186  183  180  177  173  169  165  161  157  152  148  143  139  135  132  128
  125  122  120  118  116  115  114  113  113  114  114  116  117  119  122  125
  129  133  138  143  149  155  162  169  176
    80.0-180.0 180.0   5.0 450.0                            LAT/LON1/LON2/DLON/H
  174  183  192  201  209  216  222  227  231  235  238  239  240  240  239  238
  236  233  230  227  224  221  218  215  213  211  209  208  206  204  201  199
  196  193  189  185  180  175  169  164  158  152  146  140  134  128  123  119
  115  111  108  105  103  102  100  100   99   99  100  101  102  104  106  109
  113  118  124  131  139  147  156  165  174
    77.5-180.0 180.0   5.0 450.0                            LAT/LON1/LON2/DLON/H
  169  180  191  201  210  218  225  231  236  241  245  248  250  250  250  249
  247  244  240  236  233  229  226  224  222  221  219  218  216  214  212  209
  206  203  198  193  188  182  175  168  161  154  146  138  131  124  118  113
  108  104  100   98   96   94   93   92   92   91   91   91   92   92   94   96
   99  104  110  117  126  136  147  158  169
    75.0-180.0 180.0   5.0 450.0                            LAT/LON1/LON2/DLON/H
  160  173  185  196  205  214  221  228  234  240  245  251  255  258  259  259
  257  254  250  246  241  238  235  233  231  230  229  228  226  225  222  219
  216  211  207  201  196  189  182  174  166  157  148  139  131  123  116  110
  105  101   98   95   93   92   91   90   90   89   88   87   86   85   85   86
   87   91   96  103  112  122  134  147  160
    72.5-180.0 180.0   5.0 450.0                            LAT/LON1/LON2/DLON/H
  147  162  175  187  197  205  213  220  227  235  243  250  257  262  265  266
  265  262  258  254  250  247  244  242  240  239  238  236  234  232  229  226
  222  217  213  207  201  195  187  179  170  161  151  142  133  125  117  111
  106  101   98   96   94   93   92   91   91   90   88   86   84   81   79   78
   77   79   82   87   96  106  118  132  147
    70.0-180.0 180.0   5.0 450.0                            LAT/LON1/LON2/DLON/H
  134  149  164  177  188  197  205  212  221  229  239  248  257  264  269  271
  272  270  267  263  259  256  253  251  248  246  244  241  239  235  232  228
  224  220  216  211  205  199  191  183  174  165  155  145  136  127  119  113
  107  103   99   97   95   94   93   92   92   91   90   87   84   80   76   73
   70   69   70   74   80   90  102  117  134
    67.5-180.0 180.0   5.0 450.0                            LAT/LON1/LON2/DLON/H
  122  139  156  170  182  192  200  208  217  226  237  247  257  265  271  275
  277  277  275  272  269  265  262  259  255  251  247  243  238  234  230  227
  223  220  217  212  208  202  195  187  178  168  158  148  138  129  121  114
  108  103   99   96   94   92   91   91   91   91   90   88   84   80   76   71
   67   64   62   64   68   77   89  105  122
    65.0-180.0 180.0   5.0 450.0                            LAT/LON1/LON2/DLON/H
  115  134  152  168  182  194  203  211  220  228  238  248  258  267  274  279
  283  284  283  281  278  275  271  267  261  254  248  241  236  231  227  224
  222  219  217  214  210  205  198  190  181  171  160  150  139  130  121  114
  107  102   97   92   88   85   84   84   85   86   87   87   85   82   78   74
   69   65   62   61   63   70   82   97  115
    62.5-180.0 180.0   5.0 450.0                            LAT/LON1/LON2/DLON/H
  115  134  154  172  188  201  212  221  228  236  244  252  261  270  277  283
  288  290  291  290  287  284  280  274  266  257  248  240  234  229  226  224
  222  221  220  217  214  209  202  194  184  174  162  150  139  129  119  110
  103   96   91   85   80   77   75   75   77   80   83   85   86   86   84   81
   77   73   69   67   68   73   83   97  115
    60.0-180.0 180.0   5.0 450.0                            LAT/LON1/LON2/DLON/H
  122  141  162  182  200  214  226  235  242  248  255  261  268  275  282  288
  292  296  298  297  296  292  287  280  271  260  250  242  235  231  229  228
  228  227  226  223  220  214  207  199  188  177  164  150  138  125  115  105
   97   90   84   78   73   69   67   68   71   76   81   86   89   91   92   91
   89   86   82   80   80   84   92  105  122
    57.5-180.0 180.0   5.0 450.0                            LAT/LON1/LON2/DLON/H
  134  153  174  195  214  231  243  252  258  263  268  272  278  283  288  292
  297  300  303  303  301  297  292  284  275  265  255  248  243  240  240  240
  239  238  236  232  227  221  214  205  193  180  165  150  135  122  110  100
   92   85   79   74   69   66   64   66   71   77   83   89   94   98  101  103
  103  101   99   97   96   99  106  118  134
    55.0-180.0 180.0   5.0 450.0                            LAT/LON1/LON2/DLON/H
  148  167  188  210  231  248  261  270  275  278  281  284  287  290  293  296
  300  303  306  307  304  300  294  287  279  272  264  259  257  256  256  257
  255  253  248  243  236  229  221  211  199  184  168  150  134  119  107   97
   89   83   78   75   72   71   71   74   79   86   92   97  101  106  110  114
  116  116  115  113  112  114  120  132  148
    52.5-180.0 180.0   5.0 450.0                            LAT/LON1/LON2/DLON/H
  159  179  201  224  246  264  277  286  290  291  292  294  296  298  299  300
  302  305  308  308  305  299  293  288  284  280  276  274  274  275  276  276
  273  268  262  254  246  237  228  218  205  188  170  151  134  119  107   98
   91   87   84   83   83   84   87   91   96  101  105  108  110  114  118  123
  127  128  128  126  125  127  133  143  159
    50.0-180.0 180.0   5.0 450.0                            LAT/LON1/LON2/DLON/H
  166  187  210  234  257  277  290  298  302  301  300  301  303  305  305  304
  305  307  309  309  304  297  292  289  288  288  289  290  292  294  295  294
  290  283  274  264  255  245  235  223  209  191  172  153  136  122  112  104
   99   96   94   95   97  101  107  111  115  118  120  120  120  121  125  131
  135  136  136  134  133  134  139  150  166
    47.5-180.0 180.0   5.0 450.0                            LAT/LON1/LON2/DLON/H
  167  188  212  238  263  284  299  307  310  308  305  305  309  312  312  309
  308  310  312  311  305  297  292  291  293  296  300  303  306  308  309  307
  303  295  285  275  264  253  240  226  209  191  172  154  139  129  120  114
  109  106  106  107  111  117  123  128  130  132  131  130  128  128  131  136
  140  141  140  138  136  136  140  151  167
    45.0-180.0 180.0   5.0 450.0                            LAT/LON1/LON2/DLON/H
  163  184  208  234  261  284  301  311  314  311  308  309  314  319  319  316
  314  315  317  315  308  300  294  295  299  304  309  312  315  316  317  316
  313  307  298  288  275  260  243  225  206  187  169  155  143  136  129  124
  119  116  115  116  119  125  130  134  136  137  137  135  134  133  136  140
  143  143  141  138  135  133  137  147  163
    42.5-180.0 180.0   5.0 450.0                            LAT/LON1/LON2/DLON/H
  156  176  200  225  252  277  297  310  315  313  310  312  320  327  328  325
  322  324  326  324  316  307  302  302  306  311  315  318  319  320  322  324
  324  321  315  305  289  269  246  221  199  180  165  155  148  142  137  131
  126  121  117  116  117  121  124  126  128  131  133  135  136  138  140  143
  144  143  140  136  131  129  132  141  156
    40.0-180.0 180.0   5.0 450.0                            LAT/LON1/LON2/DLON/H
  151  169  191  215  241  266  289  306  315  316  314  317  327  335  337  335
  333  335  338  336  328  318  312  313  316  319  321  322  322  323  328  334
  340  341  339  329  310  282  249  219  193  175  164  158  153  147  141  134
  126  119  114  110  109  110  112  113  115  121  129  135  140  143  145  145
  143  140  136  132  127  125  127  136  151
    37.5-180.0 180.0   5.0 450.0                            LAT/LON1/LON2/DLON/H
  148  166  186  207  231  255  279  300  314  319  320  325  334  344  347  346
  346  348  351  349  341  332  326  325  327  328  328  327  327  330  339  351
  363  371  374  365  340  302  260  222  194  177  169  165  160  151  141  132
  124  117  111  108  106  105  104  104  108  117  130  141  149  153  153  149
  144  138  133  128  123  121  124  134  148
    35.0-180.0 180.0   5.0 450.0                            LAT/LON1/LON2/DLON/H
  150  169  187  206  226  248  272  296  314  323  327  333  343  353  358  360
  361  364  366  363  355  346  340  339  339  340  339  337  338  344  358  377
  397  414  422  415  384  335  282  237  207  192  186  181  171  156  142  132
  126  121  119  117  116  114  112  112  117  129  144  159  167  170  167  157
  147  137  130  124  120  119  123  134  150
    32.5-180.0 180.0   5.0 450.0                            LAT/LON1/LON2/DLON/H
  156  177  196  213  229  248  270  294  314  327  334  342  351  361  368  374
  379  380  380  376  369  361  354  352  353  353  353  353  357  368  388  416
  445  470  486  480  444  384  318  267  236  221  213  204  188  167  149  139
  137  139  144  148  150  149  147  147  152  164  180  193  199  197  187  171
  154  140  129  122  118  118  124  137  156
    30.0-180.0 180.0   5.0 450.0                            LAT/LON1/LON2/DLON/H
  164  188  209  226  240  255  273  295  315  331  340  349  358  369  381  391
  398  399  395  389  382  375  368  366  368  371  374  377  384  402  430  466
  506  543  567  564  524  452  372  311  276  258  247  234  213  186  165  159
  165  179  194  207  214  213  210  208  210  220  232  239  239  230  214  191
  166  146  132  123  118  118  126  141  164
    27.5-180.0 180.0   5.0 450.0                            LAT/LON1/LON2/DLON/H
  172  200  224  240  253  265  280  298  316  332  343  354  365  379  394  410
  420  419  411  404  397  390  385  383  388  395  403  410  423  446  482  529
  582  633  668  668  621  534  434  359  316  295  280  265  243  216  195  195
  212  237  264  285  293  291  285  279  278  281  286  286  278  262  239  210
  180  154  135  125  119  119  127  145  172
    25.0-180.0 180.0   5.0 450.0                            LAT/LON1/LON2/DLON/H
  178  210  236  254  266  276  288  302  317  331  344  357  372  390  411  432
  444  441  431  422  416  410  405  405  414  428  441  455  473  502  547  605
  673  739  782  779  720  612  491  397  345  320  304  292  276  254  236  240
  266  302  337  363  371  366  356  345  337  333  330  321  305  283  255  223
  189  160  139  126  120  119  127  148  178
    22.5-180.0 180.0   5.0 450.0                            LAT/LON1/LON2/DLON/H
  182  216  243  262  275  286  297  308  320  332  345  361  380  403  429  455
  469  467  456  447  441  435  431  435  449  470  492  513  536  570  621  689
  769  844  889  876  800  672  528  415  352  324  312  310  306  291  276  282
  314  357  397  423  430  421  405  389  374  362  349  332  311  286  257  225
  191  161  139  126  120  118  126  149  182
    20.0-180.0 180.0   5.0 450.0                            LAT/LON1/LON2/DLON/H
  181  217  246  266  281  293  305  317  327  337  351  369  392  420  451  480
  498  497  488  478  473  468  466  473  494  524  555  582  607  641  694  767
  851  928  967  938  842  693  529  400  330  304  303  315  326  318  303  308
  342  389  429  450  452  439  420  399  378  357  335  313  289  264  239  211
  181  154  134  122  116  113  122  146  181
    17.5-180.0 180.0   5.0 450.0                            LAT/LON1/LON2/DLON/H
  177  214  244  266  283  299  315  329  339  349  363  383  409  441  476  508
  528  531  524  516  511  507  507  518  546  583  620  652  676  706  756  826
  905  972  994  944  826  662  491  359  288  269  280  307  329  326  307  305
  339  386  422  438  436  422  403  381  356  328  300  273  248  226  206  185
  162  140  123  114  108  106  114  140  177
    15.0-180.0 180.0   5.0 450.0                            LAT/LON1/LON2/DLON/H
  168  207  239  265  285  306  327  345  358  370  385  406  434  467  504  538
  561  568  564  559  554  551  552  566  598  639  680  712  732  753  793  851
  914  958  955  882  754  593  431  307  242  231  252  287  313  307  280  272
  306  357  391  401  397  386  370  347  320  288  256  227  202  183  169  155
  139  122  110  103   97   95  104  130  168
    12.5-180.0 180.0   5.0 450.0                            LAT/LON1/LON2/DLON/H
  155  196  233  264  289  315  342  366  383  397  414  436  465  499  536  570
  596  607  608  604  599  596  598  613  645  687  727  754  764  771  795  835
  872  890  864  781  656  511  371  263  206  201  225  260  281  269  236  225
  263  319  352  358  352  344  331  311  283  250  217  187  163  146  137  129
  118  107   98   92   87   84   92  117  155
    10.0-180.0 180.0   5.0 450.0                            LAT/LON1/LON2/DLON/H
  141  185  228  265  296  328  361  391  412  429  448  471  499  532  568  603
  631  647  652  650  645  641  642  655  683  719  752  770  766  758  766  787
  801  795  753  670  561  444  335  248  199  192  211  237  249  231  196  186
  229  291  325  326  318  312  302  283  256  226  195  166  142  126  119  114
  106   98   90   84   79   75   81  104  141
     7.5-180.0 180.0   5.0 450.0                            LAT/LON1/LON2/DLON/H
  129  176  225  268  307  345  384  418  443  462  482  505  532  564  598  633
  664  685  695  694  689  684  683  691  710  735  758  764  747  727  722  728
  724  701  654  584  502  422  345  275  225  209  217  231  234  214  182  177
  226  292  325  322  309  301  290  270  245  219  193  166  141  125  118  114
  106   97   90   84   77   71   75   94  129
     5.0-180.0 180.0   5.0 450.0                            LAT/LON1/LON2/DLON/H
  124  172  225  274  319  364  409  447  474  494  514  536  561  589  622  657
  689  715  730  732  726  720  717  719  728  741  752  746  720  692  681  678
  665  636  597  551  504  455  400  336  279  251  248  253  252  236  214  218
  269  330  355  341  319  304  289  268  244  223  203  179  153  136  129  124
  115  105   97   90   82   75   76   91  124
     2.5-180.0 180.0   5.0 450.0                            LAT/LON1/LON2/DLON/H
  126  174  229  282  332  383  432  473  501  522  541  559  580  604  634  669
  704  735  754  758  753  748  743  740  740  743  742  728  698  670  659  657
  645  622  597  575  553  524  480  416  351  313  306  313  317  310  297  303
  344  390  399  372  339  316  297  274  251  234  219  198  172  154  146  140
  129  117  108  101   93   86   85   97  126
