ionex_esag_emptyfiles/esag2730.12i
     1.0            IONOSPHERE MAPS     GPS                 IONEX VERSION / TYPE
GIM V3.0            JPL - GNISD         02-oct-2012 05:41   PGM / RUN BY / DATE 
JPL'S GLOBAL IONOSPHERE MAPS YEAR 2012 DAY 273              COMMENT             
Global Ionospheric Maps (GIM) are generated on an hourly    DESCRIPTION         
and daily basis at JPL using data from up to 100 GPS sites  DESCRIPTION         
of the IGS and others institutions.                         DESCRIPTION         
The vertical TEC is modeled in a solar-geomagnetic          DESCRIPTION         
reference frame using bi-cubic splines on a spherical grid. DESCRIPTION         
A Kalman filter is used to solve simultaneously for         DESCRIPTION         
instrumental biases and VTEC on the grid (as stochastic     DESCRIPTION         
parameters).                                                DESCRIPTION         
Contact Address:  gpsiono@cobra.jpl.nasa.gov .              DESCRIPTION         
  2012     9    29     0     0     0                        EPOCH OF FIRST MAP  
  2012     9    30     0     0     0                        EPOCH OF LAST MAP   
  7200                                                      INTERVAL            
    13                                                      # OF MAPS IN FILE   
  NONE                                                      MAPPING FUNCTION    
    10.0                                                    ELEVATION CUTOFF    
One-way carrier phase leveled to code                       OBSERVABLES USED    
   170                                                      # OF STATIONS       
    31                                                      # OF SATELLITES     
  6371.0                                                    BASE RADIUS         
     2                                                      MAP DIMENSION       
   450.0 450.0   0.0                                        HGT1 / HGT2 / DHGT  
    87.5 -87.5  -2.5                                        LAT1 / LAT2 / DLAT  
  -180.0 180.0   5.0                                        LON1 / LON2 / DLON  
    -1                                                      EXPONENT            
TEC/RMS values in 0.1 TECU; 9999, if no value available     COMMENT             
                                                            END OF HEADER       
[from data line 3861]
    10                                                      START OF TEC MAP    
  2012     9    29    18     0     0                        EPOCH OF CURRENT MAP
    87.5-180.0 180.0   5.0 450.0                            LAT/LON1/LON2/DLON/H
  309  310  310  310  311  311  311  311  312  312  312  312  312  312  312  312
  312  312  312  312  311  311  311  311  310  310  310  310  309  309  309  308
  308  308  308  308  308  307  307  307  307  307  307  307  307  307  307  307
  307  307  307  307  307  307  307  307  307  307  307  307  307  307  307  307
  307  308  308  308  308  309  309  309  309
    85.0-180.0 180.0   5.0 450.0                            LAT/LON1/LON2/DLON/H
  297  298  299  299  300  301  302  302  303  303  303  304  304  304  304  304
  304  303  303  303  302  302  301  300  299  298  297  296  295  294  293  292
  292  291  291  290  290  290  290  290  290  290  290  290  290  290  290  290
  291  291  291  291  291  291  291  291  291  291  291  291  291  291  291  291
  292  292  292  293  294  294  295  296  297
    82.5-180.0 180.0   5.0 450.0                            LAT/LON1/LON2/DLON/H
  279  281  282  284  285  286  288  288  289  290  291  291  292  292  293  293
  293  293  293  293  292  290  289  287  285  282  280  277  275  272  270  269
  267  266  266  265  265  265  265  265  265  265  265  266  266  266  267  267
  268  268  269  269  269  269  270  270  269  269  269  269  268  268  268  268
  269  269  270  271  272  274  276  277  279
    80.0-180.0 180.0   5.0 450.0                            LAT/LON1/LON2/DLON/H
  258  261  263  265  267  268  270  271  272  273  274  276  278  279  281  283
  284  285  285  285  284  282  279  276  272  267  262  257  252  248  245  242
  240  238  237  236  236  236  236  236  236  236  237  237  238  239  239  240
  241  241  242  243  243  244  244  244  244  243  243  242  241  241  240  240
  241  242  243  245  247  250  253  255  258
    77.5-180.0 180.0   5.0 450.0                            LAT/LON1/LON2/DLON/H
  235  239  242  244  246  247  249  250  251  253  256  260  264  268  272  277
  280  283  285  286  285  282  277  271  264  257  249  241  234  228  223  219
  216  213  212  210  209  209  208  208  208  208  208  209  209  210  211  212
  213  213  214  215  216  216  217  217  216  215  214  213  212  211  210  210
  210  211  213  216  219  223  227  232  235
    75.0-180.0 180.0   5.0 450.0                            LAT/LON1/LON2/DLON/H
  212  217  220  223  224  226  227  228  231  235  240  247  255  263  271  279
  285  290  294  295  294  291  284  276  266  255  243  233  223  215  209  204
  200  198  195  193  191  189  187  185  184  183  183  183  183  183  184  185
  186  187  188  188  189  190  190  190  189  188  186  184  182  181  179  178
  178  180  182  186  190  196  201  207  212
    72.5-180.0 180.0   5.0 450.0                            LAT/LON1/LON2/DLON/H
  190  196  200  203  205  206  208  211  215  222  231  242  254  266  277  288
  297  304  309  311  310  306  298  287  275  261  247  234  222  213  206  201
  197  194  191  187  183  179  174  171  168  165  163  162  162  161  161  162
  162  163  163  164  164  164  164  164  163  162  160  158  155  153  151  149
  149  150  152  156  162  168  176  183  190
    70.0-180.0 180.0   5.0 450.0                            LAT/LON1/LON2/DLON/H
  171  179  185  190  192  195  197  201  207  217  230  244  259  275  289  302
  313  322  328  331  330  325  316  304  290  274  259  245  233  224  217  212
  207  203  198  192  185  178  171  164  159  154  151  148  146  145  144  143
  142  142  142  142  142  141  141  141  141  140  138  136  133  130  127  125
  124  125  127  131  137  144  153  162  171
    67.5-180.0 180.0   5.0 450.0                            LAT/LON1/LON2/DLON/H
  159  169  178  184  190  193  197  202  211  222  237  253  271  288  305  319
  332  342  349  351  350  344  335  322  308  293  279  266  254  246  239  233
  227  220  213  204  194  184  174  164  156  150  145  141  137  134  132  130
  128  126  125  123  122  122  121  121  122  122  121  120  118  115  113  110
  108  107  108  112  118  126  136  147  159
    65.0-180.0 180.0   5.0 450.0                            LAT/LON1/LON2/DLON/H
  153  166  178  188  197  204  209  216  226  237  252  269  288  306  323  338
  351  361  368  370  369  363  353  341  328  315  303  292  282  274  267  259
  251  242  231  219  206  193  180  169  159  151  145  140  135  131  127  123
  119  116  113  110  107  106  105  106  107  109  111  112  112  110  108  106
  103  101  100  102  107  115  126  139  153
    62.5-180.0 180.0   5.0 450.0                            LAT/LON1/LON2/DLON/H
  154  170  186  201  213  223  232  241  250  262  276  292  309  326  342  357
  370  379  385  387  384  378  369  358  347  337  328  319  311  304  296  287
  276  263  249  233  217  202  188  176  165  157  150  144  139  134  128  123
  117  112  106  101   97   95   94   95   98  102  106  110  112  113  113  111
  108  105  103  103  107  114  125  138  154
    60.0-180.0 180.0   5.0 450.0                            LAT/LON1/LON2/DLON/H
  161  180  199  218  235  249  261  271  281  292  304  318  333  347  362  375
  386  394  399  400  397  390  381  372  364  356  350  343  337  330  322  311
  297  280  262  243  226  210  196  184  174  166  159  154  148  143  136  129
  121  113  105   98   93   89   88   89   94  100  107  113  118  121  123  122
  120  116  113  112  114  120  131  145  161
    57.5-180.0 180.0   5.0 450.0                            LAT/LON1/LON2/DLON/H
  173  193  216  239  260  278  293  304  314  323  334  345  357  369  380  390
  399  405  409  408  405  398  389  381  375  370  365  361  355  348  339  327
  311  292  271  252  234  218  204  193  185  178  172  167  162  155  148  139
  129  119  109  101   94   89   88   90   95  102  111  119  126  131  135  136
  134  130  126  124  126  131  141  155  173
    55.0-180.0 180.0   5.0 450.0                            LAT/LON1/LON2/DLON/H
  185  207  232  259  284  306  322  335  344  353  361  370  379  388  396  403
  408  412  414  413  408  400  392  385  379  375  372  368  364  358  349  337
  321  301  279  259  241  226  214  204  197  191  186  181  176  169  161  151
  140  128  117  108  101   96   94   96  101  109  117  125  133  139  144  147
  146  144  140  138  139  143  152  166  185
    52.5-180.0 180.0   5.0 450.0                            LAT/LON1/LON2/DLON/H
  194  218  245  275  304  329  347  360  369  377  384  390  397  403  408  412
  415  416  416  413  407  399  390  383  377  374  371  369  365  361  354  343
  328  308  288  268  251  237  225  215  208  202  197  193  188  182  173  163
  150  138  128  120  113  109  106  108  112  119  126  132  138  144  150  154
  156  154  152  150  150  154  162  175  194
    50.0-180.0 180.0   5.0 450.0                            LAT/LON1/LON2/DLON/H
  199  223  253  285  317  344  364  378  387  393  398  403  409  413  416  418
  419  419  417  412  404  395  385  377  372  369  367  366  364  361  356  347
  334  316  298  280  263  248  235  224  215  208  204  200  196  190  182  171
  159  148  139  133  128  123  121  121  125  129  134  138  142  147  153  159
  162  162  160  159  158  160  167  180  199
    47.5-180.0 180.0   5.0 450.0                            LAT/LON1/LON2/DLON/H
  197  221  252  287  321  351  373  388  397  402  406  409  414  417  420  421
  421  421  418  412  402  391  380  372  367  364  363  363  363  362  358  351
  340  326  310  293  276  259  243  228  216  207  202  199  197  193  186  176
  165  156  149  145  141  137  134  134  136  139  142  143  145  149  155  161
  166  167  166  164  163  163  167  178  197
    45.0-180.0 180.0   5.0 450.0                            LAT/LON1/LON2/DLON/H
  190  213  243  278  313  346  371  389  401  406  408  410  414  418  421  423
  424  424  422  415  403  390  378  369  364  362  362  363  365  365  363  358
  349  337  323  307  288  268  246  225  207  195  191  191  192  192  187  178
  168  160  156  153  150  146  143  142  143  145  147  147  148  151  156  163
  169  171  170  168  164  162  164  173  190
    42.5-180.0 180.0   5.0 450.0                            LAT/LON1/LON2/DLON/H
  181  202  229  261  296  330  359  383  398  405  407  408  411  416  421  425
  428  430  429  422  408  393  379  370  365  364  366  369  372  373  372  367
  359  349  337  320  299  273  244  215  191  179  177  181  186  189  186  178
  169  161  158  155  152  147  144  143  145  148  149  150  151  153  159  166
  172  174  173  169  164  160  160  167  181
    40.0-180.0 180.0   5.0 450.0                            LAT/LON1/LON2/DLON/H
  173  191  214  243  275  308  341  370  392  403  406  406  410  416  422  429
  435  440  440  433  418  400  385  376  371  371  375  379  384  385  384  379
  372  363  350  332  307  276  240  205  179  168  169  176  184  188  185  177
  167  160  156  153  149  144  142  143  146  150  153  154  155  158  163  170
  175  176  174  169  163  158  156  161  173
    37.5-180.0 180.0   5.0 450.0                            LAT/LON1/LON2/DLON/H
  169  185  205  228  255  287  321  356  385  401  406  407  410  418  427  437
  446  453  454  447  430  411  395  385  381  383  389  395  400  402  399  394
  387  378  365  345  317  282  243  206  181  173  177  185  191  192  188  178
  168  160  156  153  150  146  145  148  153  158  160  162  163  165  169  174
  177  177  173  168  161  156  155  159  169
    35.0-180.0 180.0   5.0 450.0                            LAT/LON1/LON2/DLON/H
  172  188  205  223  244  271  304  343  379  401  409  411  415  424  436  449
  461  469  471  462  445  425  408  398  395  399  407  415  421  422  418  412
  406  398  385  365  336  300  261  227  208  205  210  213  213  207  197  186
  176  169  165  163  160  159  161  166  171  175  177  176  175  174  176  179
  180  177  172  166  160  155  155  160  172
    32.5-180.0 180.0   5.0 450.0                            LAT/LON1/LON2/DLON/H
  179  198  216  231  246  265  295  335  375  404  415  419  425  436  451  467
  481  488  488  479  461  440  423  412  411  418  429  440  448  448  443  438
  434  429  418  399  371  336  301  276  268  271  271  263  250  234  218  205
  196  191  189  188  189  192  197  203  207  208  205  199  192  187  185  184
  181  176  169  163  158  155  156  164  179
    30.0-180.0 180.0   5.0 450.0                            LAT/LON1/LON2/DLON/H
  188  212  233  247  257  271  295  332  375  408  424  431  440  453  470  489
  504  510  507  496  478  457  439  430  431  441  456  471  480  481  477  476
  477  476  469  454  430  398  366  351  354  361  354  331  303  276  254  241
  235  234  234  234  238  245  253  257  257  252  242  228  213  201  193  188
  183  175  167  160  156  154  158  169  188
    27.5-180.0 180.0   5.0 450.0                            LAT/LON1/LON2/DLON/H
  197  227  252  267  275  283  301  335  378  415  436  448  460  475  495  516
  531  534  527  514  496  476  459  450  455  470  490  509  521  523  523  529
  538  545  545  534  512  478  447  436  449  460  447  410  368  333  308  296
  294  294  293  292  298  307  315  315  309  296  278  255  232  212  200  191
  182  172  163  157  153  152  158  173  197
    25.0-180.0 180.0   5.0 450.0                            LAT/LON1/LON2/DLON/H
  203  238  268  285  293  299  312  342  385  425  452  470  485  502  523  545
  559  559  548  533  515  496  480  475  485  507  533  557  572  577  584  601
  621  637  641  630  603  561  524  515  535  554  538  493  442  402  375  362
  360  358  353  348  353  362  368  364  351  331  305  274  244  219  202  191
  180  169  159  153  149  149  156  174  203
    22.5-180.0 180.0   5.0 450.0                            LAT/LON1/LON2/DLON/H
  205  243  276  298  309  315  326  353  395  439  472  496  516  534  555  577
  589  585  571  553  535  518  505  505  523  553  586  615  633  643  660  688
  717  737  739  723  684  628  580  569  596  624  615  571  516  471  441  425
  418  411  399  388  388  396  399  390  370  344  313  278  243  216  198  186
  175  163  154  148  145  144  152  172  205
    20.0-180.0 180.0   5.0 450.0                            LAT/LON1/LON2/DLON/H
  203  243  278  303  320  330  343  369  411  456  496  526  549  569  591  611
  621  613  595  575  557  542  533  540  569  609  649  681  701  715  738  774
  808  826  821  792  736  660  598  584  619  661  668  632  578  531  495  471
  455  438  415  396  391  395  395  382  359  330  298  262  229  202  187  177
  167  157  149  144  140  138  145  168  203
    17.5-180.0 180.0   5.0 450.0                            LAT/LON1/LON2/DLON/H
  198  239  275  305  327  344  362  389  431  478  521  558  586  608  629  649
  656  645  623  602  583  569  565  580  619  668  713  747  766  780  805  843
  875  885  867  820  740  643  572  562  608  667  692  667  618  569  523  485
  454  425  394  369  360  363  362  348  325  297  267  235  205  183  171  164
  156  149  143  139  134  130  137  161  198
    15.0-180.0 180.0   5.0 450.0                            LAT/LON1/LON2/DLON/H
  189  231  269  304  333  358  382  414  455  502  549  591  624  649  671  690
  695  682  658  634  616  603  601  623  670  724  770  802  819  829  849  880
  901  895  861  796  700  591  519  518  575  646  683  670  627  575  518  463
  420  382  347  321  312  316  316  303  282  258  232  205  180  162  154  151
  147  141  138  134  128  121  127  151  189
    12.5-180.0 180.0   5.0 450.0                            LAT/LON1/LON2/DLON/H
  179  221  262  302  339  373  404  439  480  527  576  623  662  691  716  735
  740  726  700  676  657  644  644  668  717  770  812  838  848  851  859  873
  877  857  812  740  637  526  459  469  532  603  641  633  601  553  489  424
  371  329  293  269  262  267  269  260  244  224  204  182  161  147  142  141
  139  136  134  131  122  113  116  140  179
    10.0-180.0 180.0   5.0 450.0                            LAT/LON1/LON2/DLON/H
  168  211  256  301  346  387  426  464  505  550  600  651  695  731  761  783
  790  777  753  729  710  695  693  713  756  800  830  846  850  843  836  832
  820  791  743  673  576  473  417  434  494  550  574  570  552  518  457  387
  330  286  252  230  226  233  239  233  221  207  191  173  155  142  139  138
  136  134  133  130  119  107  107  130  168
     7.5-180.0 180.0   5.0 450.0                            LAT/LON1/LON2/DLON/H
  161  204  251  302  353  401  445  486  527  569  618  671  720  763  799  827
  838  829  809  788  770  753  746  757  785  814  829  834  831  818  797  776
  753  720  677  619  539  455  413  430  472  499  502  498  500  488  438  372
  317  274  241  220  216  224  231  228  219  208  196  179  161  149  144  142
  139  137  136  132  120  105  103  124  161
     5.0-180.0 180.0   5.0 450.0                            LAT/LON1/LON2/DLON/H
  159  201  250  305  361  414  460  503  543  583  627  678  732  782  825  859
  876  872  858  842  826  809  795  795  807  817  817  811  803  786  757  726
  697  668  637  599  544  482  448  454  469  463  442  437  462  478  450  399
  349  303  264  239  230  236  242  239  231  222  211  195  176  161  155  151
  146  143  142  138  125  108  104  124  159
     2.5-180.0 180.0   5.0 450.0                            LAT/LON1/LON2/DLON/H
  164  205  253  310  369  424  473  516  555  590  626  670  725  781  832  872
  895  898  891  882  870  852  834  824  821  815  802  789  779  762  732  699
  673  653  636  616  582  537  508  498  485  450  410  408  457  502  498  462
  414  360  311  276  260  261  266  262  251  241  230  212  192  176  167  161
  155  151  150  147  133  116  112  130  164
