ionex_esag_emptyfiles/esag2700.12i
     1.0            IONOSPHERE MAPS     GPS                 IONEX VERSION / TYPE
GIM V3.0            JPL - GNISD         29-sep-2012 05:31   PGM / RUN BY / DATE 
JPL'S GLOBAL IONOSPHERE MAPS YEAR 2012 DAY 270              COMMENT             
Global Ionospheric Maps (GIM) are generated on an hourly    DESCRIPTION         
and daily basis at JPL using data from up to 100 GPS sites  DESCRIPTION         
of the IGS and others institutions.                         DESCRIPTION         
The vertical TEC is modeled in a solar-geomagnetic          DESCRIPTION         
reference frame using bi-cubic splines on a spherical grid. DESCRIPTION         
A Kalman filter is used to solve simultaneously for         DESCRIPTION         
instrumental biases and VTEC on the grid (as stochastic     DESCRIPTION         
parameters).                                                DESCRIPTION         
Contact Address:  gpsiono@cobra.jpl.nasa.gov .              DESCRIPTION         
  2012     9    26     0     0     0                        EPOCH OF FIRST MAP  
  2012     9    27     0     0     0                        EPOCH OF LAST MAP   
  7200                                                      INTERVAL            
    13                                                      # OF MAPS IN FILE   
  NONE                                                      MAPPING FUNCTION    
    10.0                                                    ELEVATION CUTOFF    
One-way carrier phase leveled to code                       OBSERVABLES USED    
   170                                                      # OF STATIONS       
    31                                                      # OF SATELLITES     
  6371.0                                                    BASE RADIUS         
     2                                                      MAP DIMENSION       
   450.0 450.0   0.0                                        HGT1 / HGT2 / DHGT  
    87.5 -87.5  -2.5                                        LAT1 / LAT2 / DLAT  
  -180.0 180.0   5.0                                        LON1 / LON2 / DLON  
    -1                                                      EXPONENT            
TEC/RMS values in 0.1 TECU; 9999, if no value available     COMMENT             
                                                            END OF HEADER       
     1                                                      START OF TEC MAP    
  2012     9    26     0     0     0                        EPOCH OF CURRENT MAP
    87.5-180.0 180.0   5.0 450.0                            LAT/LON1/LON2/DLON/H
  204  204  204  203  203  203  202  202  201  201  200  199  199  198  197  197
  196  195  195  194  193  192  191  191  190  189  189  188  187  187  186  186
  185  185  184  184  184  183  183  183  183  183  184  184  184  185  185  186
  187  187  188  189  190  191  192  193  194  195  196  197  198  199  200  201
  202  202  203  203  204  204  204  204  204
    85.0-180.0 180.0   5.0 450.0                            LAT/LON1/LON2/DLON/H
  224  223  223  222  221  220  219  218  217  216  215  213  212  211  210  209
  207  206  204  203  201  200  198  196  195  193  192  191  190  188  187  186
  185  184  183  183  182  181  181  181  181  180  181  181  181  182  183  184
  185  186  188  189  191  193  196  198  200  203  205  208  210  212  214  216
  218  220  221  222  223  223  224  224  224
    82.5-180.0 180.0   5.0 450.0                            LAT/LON1/LON2/DLON/H
  246  246  245  244  243  241  240  238  237  235  234  233  231  230  228  226
  224  222  219  216  213  210  208  205  202  200  198  195  193  192  190  188
  187  185  184  183  181  180  180  179  179  178  178  178  178  179  180  181
  182  184  186  189  192  195  198  202  206  210  214  218  222  226  230  233
  236  239  241  243  245  246  246  247  246
    80.0-180.0 180.0   5.0 450.0                            LAT/LON1/LON2/DLON/H
  269  269  268  267  265  264  262  260  259  257  256  255  254  252  250  248
  245  242  237  233  228  223  218  213  209  205  201  198  195  192  190  188
  185  183  181  179  178  176  175  174  174  173  173  173  173  174  174  175
  177  179  181  184  188  192  197  202  207  213  219  224  230  235  241  246
  250  254  258  261  264  266  268  269  269
    77.5-180.0 180.0   5.0 450.0                            LAT/LON1/LON2/DLON/H
  288  289  288  287  286  284  282  281  280  279  278  278  277  276  275  272
  268  263  257  250  243  234  226  219  212  206  201  197  193  189  186  183
  180  177  175  172  169  167  166  165  164  164  164  164  164  164  164  165
  166  168  171  174  178  183  189  195  201  208  215  222  229  236  243  249
  255  261  267  272  277  281  284  287  288
    75.0-180.0 180.0   5.0 450.0                            LAT/LON1/LON2/DLON/H
  301  303  304  303  302  300  299  298  297  297  297  298  299  299  297  295
  290  284  276  266  255  243  232  221  211  203  197  191  187  183  180  176
  173  169  164  160  157  154  152  151  150  150  150  150  150  150  149  149
  149  150  153  156  161  167  174  181  189  197  205  213  221  228  236  243
  250  257  264  271  278  285  292  297  301
    72.5-180.0 180.0   5.0 450.0                            LAT/LON1/LON2/DLON/H
  305  309  312  313  313  311  310  309  309  310  311  312  314  315  315  312
  308  300  290  278  265  250  235  221  209  199  191  184  179  175  171  167
  163  158  153  148  143  139  136  135  134  134  133  133  132  131  129  127
  127  128  130  135  141  148  156  165  174  183  192  201  209  216  224  231
  238  245  253  262  271  281  290  298  305
    70.0-180.0 180.0   5.0 450.0                            LAT/LON1/LON2/DLON/H
  303  309  314  316  317  317  316  316  316  317  318  320  323  324  324  323
  319  311  301  288  272  254  237  221  207  195  185  177  171  166  162  157
  152  147  141  135  130  125  121  119  117  117  116  114  113  110  108  105
  104  105  107  112  120  129  139  150  160  171  180  190  198  205  212  218
  225  232  240  249  260  272  283  294  303
    67.5-180.0 180.0   5.0 450.0                            LAT/LON1/LON2/DLON/H
  298  306  312  316  318  318  318  318  319  320  321  323  325  326  327  326
  323  317  307  294  277  257  238  221  206  193  182  173  166  159  153  148
  143  137  131  125  119  114  109  106  103  102  100   98   96   93   89   87
   85   85   88   94  102  113  125  138  151  163  174  185  193  200  206  211
  216  222  229  239  250  263  276  288  298
    65.0-180.0 180.0   5.0 450.0                            LAT/LON1/LON2/DLON/H
  295  304  310  314  317  318  318  318  319  319  320  321  323  324  325  324
  322  317  309  296  279  259  240  222  207  194  183  172  163  155  148  142
  136  130  124  119  113  107  102   97   94   91   88   86   83   80   77   74
   73   73   76   83   93  105  119  134  149  163  177  188  198  205  210  214
  218  222  228  236  246  258  271  284  295
    62.5-180.0 180.0   5.0 450.0                            LAT/LON1/LON2/DLON/H
  296  304  311  315  317  318  318  318  318  318  318  319  320  321  321  321
  320  316  308  296  280  261  242  225  210  197  186  175  164  155  146  139
  132  126  121  116  111  105  100   94   89   86   83   80   78   76   74   72
   71   72   75   81   91  104  119  136  153  170  185  199  210  218  223  226
  229  232  237  243  252  263  274  285  296
    60.0-180.0 180.0   5.0 450.0                            LAT/LON1/LON2/DLON/H
  303  311  317  320  321  321  320  319  318  318  318  318  318  319  319  319
  317  313  306  295  280  262  244  228  214  202  190  179  168  158  148  140
  132  126  122  118  113  108  102   96   91   87   84   82   81   80   80   79
   79   79   81   86   95  108  124  142  161  180  197  213  225  233  239  243
  246  249  253  258  266  275  284  294  303
    57.5-180.0 180.0   5.0 450.0                            LAT/LON1/LON2/DLON/H
  317  325  330  332  331  328  325  323  321  320  319  319  319  320  320  318
  315  310  303  292  279  262  246  232  219  207  196  185  174  164  154  144
  136  130  125  122  119  114  109  103   98   95   93   91   91   91   92   92
   92   92   93   95  103  115  132  151  172  192  210  226  239  248  255  260
  264  268  272  277  283  291  300  309  317
    55.0-180.0 180.0   5.0 450.0                            LAT/LON1/LON2/DLON/H
  336  344  349  349  346  341  335  331  327  325  324  323  323  324  323  320
  314  307  299  289  276  262  248  235  223  212  201  190  180  171  161  151
  142  135  130  128  125  122  118  114  110  107  106  105  105  106  107  108
  108  107  106  107  112  124  141  161  182  203  221  236  249  258  266  272
  279  285  291  296  302  310  318  327  336
    52.5-180.0 180.0   5.0 450.0                            LAT/LON1/LON2/DLON/H
  358  366  371  371  365  357  349  342  337  334  331  329  330  330  328  323
  315  305  295  285  274  262  250  238  228  217  206  196  187  178  169  158
  148  140  136  134  133  131  128  125  123  121  120  120  120  120  122  123
  123  121  119  117  121  132  150  171  192  212  229  243  253  262  270  279
  289  298  305  312  320  328  338  348  358
    50.0-180.0 180.0   5.0 450.0                            LAT/LON1/LON2/DLON/H
  380  389  394  393  386  376  366  357  351  345  340  338  337  337  335  328
  317  305  293  283  272  262  252  242  231  220  209  200  192  185  176  164
  153  145  141  140  140  140  138  137  136  135  134  133  132  132  133  134
  134  133  129  127  129  140  159  181  202  219  234  246  254  262  270  281
  294  306  316  325  334  345  357  369  380
    47.5-180.0 180.0   5.0 450.0                            LAT/LON1/LON2/DLON/H
  402  411  416  414  407  395  384  375  366  359  352  347  345  344  341  334
  322  308  295  283  273  264  255  245  234  223  212  203  196  189  180  168
  156  147  144  144  146  146  146  146  145  145  143  142  141  140  141  142
  143  141  138  135  137  148  167  189  210  226  238  247  254  260  269  281
  296  311  323  334  346  360  375  389  402
    45.0-180.0 180.0   5.0 450.0                            LAT/LON1/LON2/DLON/H
  422  431  435  433  426  415  403  393  383  374  364  357  354  352  349  342
  330  316  302  289  278  268  259  248  236  224  213  204  198  192  183  171
  158  150  147  148  150  151  151  151  150  149  148  147  146  146  147  148
  149  148  145  142  145  156  175  197  217  231  241  248  253  258  267  280
  297  313  327  341  355  373  392  409  422
    42.5-180.0 180.0   5.0 450.0                            LAT/LON1/LON2/DLON/H
  440  448  452  450  443  433  422  412  401  390  379  369  364  361  358  352
  343  329  314  299  287  276  265  252  238  224  213  204  199  194  186  174
  161  153  151  152  153  153  152  152  151  151  150  150  150  151  152  153
  154  153  151  149  152  163  183  204  222  234  243  249  254  259  268  281
  297  314  330  345  363  385  407  426  440
    40.0-180.0 180.0   5.0 450.0                            LAT/LON1/LON2/DLON/H
  455  463  466  465  459  451  441  430  420  407  394  383  376  372  369  366
  358  346  329  312  297  285  272  257  241  226  215  207  202  198  191  179
  167  160  157  156  155  153  152  150  150  151  153  154  155  157  158  159
  159  158  156  154  158  170  190  211  227  238  245  252  257  263  271  283
  298  315  331  349  370  395  420  441  455
    37.5-180.0 180.0   5.0 450.0                            LAT/LON1/LON2/DLON/H
  468  475  479  479  475  467  458  449  439  426  412  400  391  386  384  381
  375  362  344  325  307  292  278  262  246  232  222  215  211  207  201  190
  180  173  168  164  159  155  152  150  151  154  158  161  164  166  167  166
  164  161  159  158  163  176  195  215  231  241  248  255  262  269  277  288
  302  317  333  353  377  404  431  453  468
    35.0-180.0 180.0   5.0 450.0                            LAT/LON1/LON2/DLON/H
  480  488  491  492  489  483  476  468  458  447  433  419  409  404  401  398
  391  378  357  334  313  296  281  267  254  243  236  231  228  224  218  208
  199  192  185  177  168  161  157  154  156  162  169  175  178  178  176  172
  167  163  159  159  165  179  199  219  234  244  252  261  269  278  287  297
  309  322  340  361  387  416  443  465  480
    32.5-180.0 180.0   5.0 450.0                            LAT/LON1/LON2/DLON/H
  495  503  506  506  504  498  492  487  480  469  455  442  431  426  422  417
  406  389  365  338  314  294  281  272  266  262  261  258  255  250  243  235
  226  219  210  197  185  176  170  166  168  176  185  191  193  190  183  175
  167  160  156  156  163  178  199  221  237  249  258  268  279  289  299  310
  321  334  352  375  403  431  458  480  495
    30.0-180.0 180.0   5.0 450.0                            LAT/LON1/LON2/DLON/H
  518  526  528  526  522  516  510  506  502  494  481  467  456  450  445  437
  422  399  370  339  311  290  281  281  285  291  297  297  294  287  279  269
  261  253  242  227  212  202  193  186  185  193  203  208  205  197  185  173
  161  153  148  148  156  174  197  221  240  254  266  278  291  303  315  327
  339  353  373  398  426  454  481  502  518
    27.5-180.0 180.0   5.0 450.0                            LAT/LON1/LON2/DLON/H
  552  560  561  557  551  542  535  532  529  521  509  495  483  477  471  460
  440  412  378  343  313  292  288  298  315  332  345  349  345  336  325  312
  302  292  281  265  250  237  224  210  203  209  219  221  212  197  179  162
  149  140  135  137  147  166  192  220  243  260  274  288  303  319  333  347
  362  379  401  429  460  487  513  535  552
    25.0-180.0 180.0   5.0 450.0                            LAT/LON1/LON2/DLON/H
  602  612  610  604  596  585  575  569  565  556  541  525  513  506  501  489
  465  432  395  358  327  309  312  332  360  386  406  414  410  398  383  366
  350  337  324  308  292  275  255  232  217  220  229  226  209  187  164  145
  132  124  121  124  136  157  186  217  245  267  283  300  317  335  353  370
  388  408  434  466  499  528  554  580  602
    22.5-180.0 180.0   5.0 450.0                            LAT/LON1/LON2/DLON/H
  661  677  677  672  666  654  637  624  614  601  583  563  547  540  537  525
  499  463  425  390  363  351  361  389  424  457  482  492  488  473  451  426
  402  382  366  348  330  309  280  246  223  222  229  222  199  170  144  125
  114  109  107  111  124  148  179  215  247  272  292  311  331  352  373  394
  416  440  469  504  539  570  599  631  661
    20.0-180.0 180.0   5.0 450.0                            LAT/LON1/LON2/DLON/H
  719  743  749  752  758  751  728  703  683  662  638  612  593  584  582  571
  544  508  472  443  425  424  442  473  510  544  570  580  575  554  523  487
  452  423  401  379  357  331  294  248  216  214  222  213  184  152  125  107
   98   95   95  100  115  140  173  212  249  278  300  321  345  369  393  417
  443  471  503  540  576  609  642  681  719
    17.5-180.0 180.0   5.0 450.0                            LAT/LON1/LON2/DLON/H
  767  797  811  828  854  862  840  805  774  744  711  678  653  641  639  627
  599  565  535  514  507  517  541  573  606  637  659  667  657  628  586  538
  492  453  423  395  367  335  292  239  202  200  210  200  170  136  111   95
   88   87   88   93  107  133  169  210  251  282  308  332  358  385  412  439
  468  499  533  569  606  639  675  721  767
    15.0-180.0 180.0   5.0 450.0                            LAT/LON1/LON2/DLON/H
  791  824  845  880  932  963  949  912  876  843  805  765  733  717  711  695
  664  632  609  595  596  614  642  670  697  721  738  741  724  685  631  572
  516  468  428  391  358  325  281  225  185  184  196  188  159  128  105   92
   86   85   85   89  102  128  165  209  253  288  315  342  371  401  429  459
  491  524  558  592  626  659  695  742  791
    12.5-180.0 180.0   5.0 450.0                            LAT/LON1/LON2/DLON/H
  786  811  835  888  970 1029 1031 1001  970  940  904  864  830  812  800  775
  739  709  691  679  680  700  727  749  768  784  796  792  764  712  647  580
  518  465  418  375  338  307  266  212  173  171  184  179  154  127  107   95
   89   86   84   87   99  126  164  210  256  293  323  353  385  416  446  477
  511  545  578  609  639  669  702  744  786
    10.0-180.0 180.0   5.0 450.0                            LAT/LON1/LON2/DLON/H
  761  769  781  841  945 1034 1062 1051 1035 1018  991  956  928  912  895  860
  818  791  776  758  749  759  778  792  803  813  820  810  770  705  632  563
  502  448  399  352  314  288  255  207  170  167  177  172  152  130  113  101
   94   89   85   86   97  124  164  213  261  300  332  364  398  431  461  492
  527  563  594  621  648  674  702  735  761
     7.5-180.0 180.0   5.0 450.0                            LAT/LON1/LON2/DLON/H
  730  714  707  759  868  972 1025 1043 1053 1057 1045 1022 1004  995  976  933
  888  867  853  823  792  783  788  793  797  804  810  795  745  671  595  529
  473  423  375  328  293  274  251  212  179  171  174  168  151  134  119  108
   99   92   87   86   96  124  166  217  267  308  341  374  411  445  474  504
  540  576  605  630  654  678  701  722  730
     5.0-180.0 180.0   5.0 450.0                            LAT/LON1/LON2/DLON/H
  707  667  636  671  770  874  940  980 1014 1040 1046 1041 1039 1042 1025  978
  933  919  907  861  804  770  759  754  754  761  769  754  699  620  546  486
  437  395  353  310  280  268  255  224  194  179  174  164  149  136  122  111
  101   94   88   85   96  125  169  221  273  314  348  383  421  455  483  512
  547  584  613  636  660  685  706  718  707
     2.5-180.0 180.0   5.0 450.0                            LAT/LON1/LON2/DLON/H
  709  651  598  608  684  773  840  890  938  976  993 1000 1015 1031 1022  978
  939  933  922  861  779  722  695  683  679  688  702  692  638  562  494  443
  403  369  334  299  276  269  261  237  208  188  174  160  147  133  121  110
  101   94   88   85   95  125  171  225  276  318  352  388  426  460  486  514
  549  586  614  638  664  693  718  728  709
