ionex_esag_emptyfiles/esag2720.12i
     1.0            IONOSPHERE MAPS     GPS                 IONEX VERSION / TYPE
GIM V3.0            JPL - GNISD         01-oct-2012 05:29   PGM / RUN BY / DATE 
JPL'S GLOBAL IONOSPHERE MAPS YEAR 2012 DAY 272              COMMENT             
Global Ionospheric Maps (GIM) are generated on an hourly    DESCRIPTION         
and daily basis at JPL using data from up to 100 GPS sites  DESCRIPTION         
of the IGS and others institutions.                         DESCRIPTION         
The vertical TEC is modeled in a solar-geomagnetic          DESCRIPTION         
reference frame using bi-cubic splines on a spherical grid. DESCRIPTION         
A Kalman filter is used to solve simultaneously for         DESCRIPTION         
instrumental biases and VTEC on the grid (as stochastic     DESCRIPTION         
parameters).                                                DESCRIPTION         
Contact Address:  gpsiono@cobra.jpl.nasa.gov .              DESCRIPTION         
  2012     9    28     0     0     0                        EPOCH OF FIRST MAP  
  2012     9    29     0     0     0                        EPOCH OF LAST MAP   
  7200                                                      INTERVAL            
    13                                                      # OF MAPS IN FILE   
  NONE                                                      MAPPING FUNCTION    
    10.0                                                    ELEVATION CUTOFF    
One-way carrier phase leveled to code                       OBSERVABLES USED    
   170                                                      # OF STATIONS       
    31                                                      # OF SATELLITES     
  6371.0                                                    BASE RADIUS         
     2                                                      MAP DIMENSION       
   450.0 450.0   0.0                                        HGT1 / HGT2 / DHGT  
    87.5 -87.5  -2.5                                        LAT1 / LAT2 / DLAT  
  -180.0 180.0   5.0                                        LON1 / LON2 / DLON  
    -1                                                      EXPONENT            
TEC/RMS values in 0.1 TECU; 9999, if no value available     COMMENT             
                                                            END OF HEADER       
[from data line 858]
     3                                                      START OF TEC MAP    
  2012     9    28     4     0     0                        EPOCH OF CURRENT MAP
    87.5-180.0 180.0   5.0 450.0                            LAT/LON1/LON2/DLON/H
  204  203  201  200  198  197  195  193  192  190  188  186  185  183  182  180
  179  177  176  175  174  173  172  171  171  170  170  170  170  170  170  170
  171  171  172  173  174  175  176  178  179  180  182  183  185  187  188  190
  192  194  195  197  199  200  202  203  204  206  207  208  208  209  209  210
  210  209  209  209  208  207  206  205  204
    85.0-180.0 180.0   5.0 450.0                            LAT/LON1/LON2/DLON/H
  218  215  212  209  206  203  199  196  193  189  186  183  180  177  174  171
  168  166  164  162  160  158  157  155  154  153  153  153  153  153  153  154
  155  156  158  160  161  163  166  168  170  173  176  179  182  185  188  191
  194  198  201  205  208  211  214  217  220  222  224  226  228  229  230  230
  230  230  229  228  227  225  223  220  218
    82.5-180.0 180.0   5.0 450.0                            LAT/LON1/LON2/DLON/H
  229  225  221  216  212  207  202  198  193  188  184  179  175  171  167  163
  159  156  153  150  148  145  143  142  140  139  139  138  139  139  140  141
  142  144  146  148  151  154  157  160  164  167  171  175  179  184  188  193
  198  203  208  213  217  222  227  231  235  239  242  244  246  248  249  249
  249  248  247  245  243  240  237  233  229
    80.0-180.0 180.0   5.0 450.0                            LAT/LON1/LON2/DLON/H
  239  234  228  222  217  211  205  199  193  188  182  177  172  167  162  157
  153  149  145  141  138  135  133  131  129  128  127  127  127  127  128  129
  130  132  134  137  140  144  148  152  157  162  167  173  178  184  190  196
  202  209  215  222  228  234  240  245  250  254  258  261  263  264  265  266
  265  264  262  260  257  253  249  244  239
    77.5-180.0 180.0   5.0 450.0                            LAT/LON1/LON2/DLON/H
  247  241  234  228  221  214  207  200  194  187  181  175  169  164  158  153
  148  144  139  135  132  129  126  124  122  121  120  119  118  118  118  118
  119  120  122  125  128  133  138  143  149  156  163  170  178  185  193  201
  209  217  225  233  240  248  254  260  265  269  272  274  276  277  277  277
  277  275  273  271  267  263  258  253  247
    75.0-180.0 180.0   5.0 450.0                            LAT/LON1/LON2/DLON/H
  254  247  240  232  224  216  209  201  194  187  180  173  167  161  156  150
  145  140  136  132  129  126  123  121  119  117  116  114  113  112  111  110
  109  109  110  112  115  120  125  132  140  148  158  167  176  186  196  206
  216  227  237  246  255  263  271  276  280  283  285  286  286  286  285  285
  284  282  281  278  275  271  266  260  254
    72.5-180.0 180.0   5.0 450.0                            LAT/LON1/LON2/DLON/H
  260  253  245  237  228  219  211  202  194  186  179  172  165  159  154  148
  143  139  135  131  128  125  122  120  118  116  114  112  110  108  106  103
  101  100   99  100  102  107  113  120  129  140  151  163  175  187  200  212
  225  238  250  261  272  281  288  293  296  297  297  295  294  292  290  289
  288  287  285  283  280  276  272  266  260
    70.0-180.0 180.0   5.0 450.0                            LAT/LON1/LON2/DLON/H
  265  258  250  242  232  223  213  203  194  185  177  170  163  157  151  146
  141  137  133  130  127  125  122  120  117  115  113  112  109  106  102   98
   95   92   90   90   91   94  100  108  118  130  143  158  173  188  203  219
  234  250  264  278  290  300  307  311  313  312  309  305  301  297  295  293
  291  290  289  287  285  281  277  272  265
    67.5-180.0 180.0   5.0 450.0                            LAT/LON1/LON2/DLON/H
  271  265  257  248  238  227  216  205  194  185  176  168  160  153  147  142
  138  134  131  128  126  124  122  119  116  114  112  111  109  105  100   95
   90   85   82   81   82   84   90   97  108  121  136  153  171  189  207  226
  244  262  279  295  308  319  326  330  330  327  322  316  309  304  300  297
  295  294  293  291  289  286  282  277  271
    65.0-180.0 180.0   5.0 450.0                            LAT/LON1/LON2/DLON/H
  278  271  264  255  244  232  220  207  195  184  174  165  157  150  143  138
  133  130  127  125  124  122  120  117  114  111  110  109  108  104   99   93
   87   81   78   76   76   78   82   89  100  114  131  150  170  191  212  233
  254  274  294  312  327  338  346  348  347  343  336  328  320  313  308  304
  302  300  298  297  295  292  288  283  278
    62.5-180.0 180.0   5.0 450.0                            LAT/LON1/LON2/DLON/H
  284  278  271  261  250  237  223  208  195  183  172  162  153  145  139  133
  129  125  123  121  120  119  117  114  111  109  108  108  107  105   99   93
   86   80   76   74   73   75   79   85   95  110  128  149  172  196  219  242
  264  287  308  328  345  357  364  366  364  359  351  342  333  325  319  314
  310  308  306  304  302  298  294  290  284
    60.0-180.0 180.0   5.0 450.0                            LAT/LON1/LON2/DLON/H
  290  284  277  267  255  240  225  209  195  182  170  159  150  141  134  129
  124  121  119  118  117  116  114  112  109  108  107  108  108  106  101   94
   87   81   77   75   74   76   79   85   95  109  129  152  178  204  228  252
  275  299  322  343  361  374  381  383  380  374  366  357  347  339  332  326
  322  318  316  313  310  306  301  296  290
    57.5-180.0 180.0   5.0 450.0                            LAT/LON1/LON2/DLON/H
  296  289  281  271  258  242  225  208  193  180  168  157  147  138  131  125
  120  118  116  115  114  114  113  111  110  109  109  111  111  109  104   97
   90   84   80   78   78   80   83   88   98  113  134  159  187  214  240  264
  287  311  335  357  375  388  395  397  394  389  381  372  363  355  347  341
  335  331  327  324  319  314  309  302  296
    55.0-180.0 180.0   5.0 450.0                            LAT/LON1/LON2/DLON/H
  301  294  285  274  259  241  223  206  191  177  166  154  144  135  128  122
  118  116  115  114  114  114  114  114  114  114  115  117  117  114  109  102
   94   88   85   84   84   86   89   95  105  120  141  168  197  226  252  275
  298  321  346  368  386  399  405  407  406  402  396  388  380  372  364  357
  351  346  341  336  330  324  317  309  301
    52.5-180.0 180.0   5.0 450.0                            LAT/LON1/LON2/DLON/H
  308  299  289  276  258  238  219  201  187  175  163  153  142  133  126  121
  118  116  115  115  115  117  119  120  122  123  125  126  125  121  115  107
  100   94   91   91   92   95   99  104  114  129  151  178  208  237  263  286
  308  331  355  377  394  406  412  415  415  413  409  403  396  389  382  375
  368  362  356  350  343  335  326  317  308
    50.0-180.0 180.0   5.0 450.0                            LAT/LON1/LON2/DLON/H
  316  305  293  278  258  236  215  197  183  172  161  151  141  133  126  122
  120  119  118  118  119  121  125  129  132  135  137  137  134  129  121  113
  105  100   98   99  101  105  108  114  124  139  160  188  217  246  271  294
  316  339  362  383  399  410  415  419  421  421  419  416  410  405  398  391
  385  378  372  365  358  348  338  327  316
    47.5-180.0 180.0   5.0 450.0                            LAT/LON1/LON2/DLON/H
  327  314  300  283  260  236  213  195  181  170  161  151  142  133  127  124
  123  124  123  122  123  127  132  138  144  148  150  149  144  137  128  119
  111  107  105  107  110  114  117  123  133  148  169  196  224  252  278  300
  322  346  369  389  403  412  417  421  425  427  426  424  421  416  410  404
  399  393  387  381  373  363  352  339  327
    45.0-180.0 180.0   5.0 450.0                            LAT/LON1/LON2/DLON/H
  340  326  310  291  266  239  215  196  182  171  161  152  143  135  130  128
  129  130  130  128  128  133  140  148  155  160  162  160  154  145  134  125
  117  113  112  114  118  121  124  129  139  154  176  202  230  258  283  306
  329  352  375  394  406  414  418  423  427  429  430  428  425  421  416  412
  408  404  400  395  388  379  367  354  340
    42.5-180.0 180.0   5.0 450.0                            LAT/LON1/LON2/DLON/H
  356  340  323  302  276  248  222  201  186  175  165  156  147  139  134  133
  136  139  137  134  134  138  147  157  165  171  172  170  162  152  141  130
  123  118  118  120  123  125  127  131  141  158  182  209  236  263  288  312
  335  360  382  399  410  416  420  424  428  430  430  428  424  420  415  412
  410  409  408  407  403  396  385  371  356
    40.0-180.0 180.0   5.0 450.0                            LAT/LON1/LON2/DLON/H
  373  356  337  316  290  261  234  212  196  182  171  161  152  144  139  139
  143  147  145  140  139  144  153  164  174  180  182  179  171  160  148  137
  128  123  122  123  125  126  127  131  141  161  187  215  244  271  296  320
  344  368  390  405  415  421  425  430  434  436  436  434  429  423  417  413
  411  412  415  417  417  414  405  391  373
    37.5-180.0 180.0   5.0 450.0                            LAT/LON1/LON2/DLON/H
  394  373  354  333  307  277  249  226  208  193  181  170  159  150  145  145
  150  153  151  146  144  149  159  171  182  190  192  189  181  170  157  144
  135  128  125  124  125  125  125  128  140  163  193  224  254  281  306  330
  354  378  398  412  422  429  436  443  450  455  457  456  452  444  435  427
  424  424  428  433  436  435  428  413  394
    35.0-180.0 180.0   5.0 450.0                            LAT/LON1/LON2/DLON/H
  418  393  372  352  326  296  266  241  221  205  192  180  168  158  151  150
  154  157  154  149  148  154  165  178  190  200  203  201  193  181  168  154
  143  133  127  124  123  122  121  125  139  166  200  234  266  293  318  341
  364  386  406  420  431  442  455  469  482  493  502  506  504  495  481  467
  458  454  457  463  467  467  460  442  418
    32.5-180.0 180.0   5.0 450.0                            LAT/LON1/LON2/DLON/H
  451  420  396  374  347  314  282  255  233  216  202  189  177  165  156  153
  154  156  154  151  151  158  170  184  199  210  216  215  208  197  182  167
  152  140  131  125  121  119  118  123  139  170  207  245  277  305  329  350
  371  392  412  429  444  462  484  509  535  558  579  594  599  590  570  545
  524  511  510  514  517  516  505  483  451
    30.0-180.0 180.0   5.0 450.0                            LAT/LON1/LON2/DLON/H
  499  460  430  403  372  334  298  266  242  225  211  198  184  171  160  154
  152  153  152  151  154  162  175  191  209  223  231  233  227  215  199  182
  165  150  137  127  120  116  115  121  140  173  213  253  287  315  337  354
  372  393  416  437  459  487  522  562  603  642  679  710  725  719  694  660
  626  602  594  593  593  586  570  539  499
    27.5-180.0 180.0   5.0 450.0                            LAT/LON1/LON2/DLON/H
  566  517  479  445  405  360  316  279  250  231  217  203  187  173  161  153
  149  148  149  152  158  169  184  202  223  240  251  254  250  238  221  201
  182  163  146  132  122  114  112  118  139  173  215  256  291  319  339  353
  368  390  416  445  476  514  562  616  672  727  780  826  854  852  826  785
  742  710  697  696  693  681  657  617  566
    25.0-180.0 180.0   5.0 450.0                            LAT/LON1/LON2/DLON/H
  656  598  550  504  453  398  345  299  263  240  223  206  187  171  160  152
  146  144  147  154  165  179  197  219  243  263  275  281  277  265  246  225
  202  179  158  140  124  113  108  114  134  169  211  253  288  316  335  347
  360  384  416  453  492  539  597  662  728  794  858  917  954  959  934  892
  845  811  799  800  798  786  760  714  656
    22.5-180.0 180.0   5.0 450.0                            LAT/LON1/LON2/DLON/H
  757  697  641  583  518  452  391  336  290  258  236  212  188  169  159  152
  145  142  147  160  176  195  217  245  273  295  307  313  309  296  275  250
  224  197  171  147  126  111  103  108  126  158  199  241  279  309  329  340
  352  379  418  461  507  560  622  688  756  824  891  953  996 1006  988  952
  911  882  876  883  888  881  857  814  757
    20.0-180.0 180.0   5.0 450.0                            LAT/LON1/LON2/DLON/H
  848  795  738  672  599  527  461  396  337  294  263  231  199  177  167  159
  150  146  154  172  194  218  247  281  314  335  346  350  344  328  304  275
  243  211  180  151  126  107   96   98  113  143  183  226  267  300  323  335
  350  379  423  472  521  574  631  690  749  808  867  922  961  973  963  940
  916  901  905  923  939  944  930  896  848
    17.5-180.0 180.0   5.0 450.0                            LAT/LON1/LON2/DLON/H
  910  872  823  758  683  615  551  482  412  355  312  270  231  204  192  182
  170  164  173  195  221  249  284  325  361  381  387  386  376  356  327  292
  255  217  181  149  121   99   87   87  100  126  165  210  254  292  320  336
  355  388  435  486  534  582  628  673  717  760  804  845  876  886  882  873
  866  865  878  903  934  955  958  940  910
    15.0-180.0 180.0   5.0 450.0                            LAT/LON1/LON2/DLON/H
  924  912  880  823  757  699  646  580  504  439  388  338  292  260  243  228
  212  203  211  232  259  290  329  373  409  424  424  415  399  373  339  299
  255  212  173  139  111   90   78   77   88  112  150  197  246  288  321  344
  368  404  452  501  546  587  621  650  675  701  728  755  775  781  782  785
  793  801  815  841  878  911  928  930  924
    12.5-180.0 180.0   5.0 450.0                            LAT/LON1/LON2/DLON/H
  886  899  892  855  804  764  726  668  594  528  476  428  384  351  326  304
  282  271  274  289  311  340  379  421  452  460  452  434  408  376  336  291
  242  195  156  124   99   82   72   71   81  104  142  192  243  289  327  356
  385  423  469  516  558  592  616  630  640  650  664  680  693  698  701  711
  727  738  748  767  802  838  860  871  886
    10.0-180.0 180.0   5.0 450.0                            LAT/LON1/LON2/DLON/H
  818  850  863  844  813  793  772  727  661  601  557  519  486  459  432  405
  383  371  367  368  379  401  432  464  484  483  465  436  399  360  318  270
  219  172  135  107   88   75   69   70   81  105  143  192  245  292  333  367
  401  441  485  529  568  600  618  624  625  627  636  651  666  674  677  686
  698  704  703  711  735  763  780  792  818
     7.5-180.0 180.0   5.0 450.0                            LAT/LON1/LON2/DLON/H
  747  788  812  807  789  779  770  737  685  639  610  590  574  559  535  510
  494  486  475  460  456  467  485  499  502  491  464  425  378  334  291  244
  192  147  114   93   80   74   72   76   88  112  149  197  248  295  337  375
  413  453  496  537  577  609  628  634  633  634  646  671  698  713  720  724
  726  722  711  702  707  716  716  720  747
     5.0-180.0 180.0   5.0 450.0                            LAT/LON1/LON2/DLON/H
  697  735  762  761  747  738  727  697  654  625  615  618  624  625  611  594
  591  591  576  547  528  526  529  522  507  486  453  406  352  304  262  217
  168  127  100   85   79   78   80   85   98  121  157  203  250  295  337  376
  416  457  499  540  582  618  641  652  655  659  680  720  763  791  802  800
  792  781  766  749  735  719  695  680  697
     2.5-180.0 180.0   5.0 450.0                            LAT/LON1/LON2/DLON/H
  691  715  731  725  705  687  665  629  588  566  569  588  613  632  635  634
  649  663  648  609  578  566  554  529  499  471  436  385  328  278  237  195
  152  117   95   85   83   86   89   95  107  130  164  206  250  291  331  370
  412  454  495  537  582  624  653  671  681  692  724  780  839  878  893  885
  867  854  843  824  798  765  722  690  691
