ionex_esag_emptyfiles/esag2720.12i
     1.0            IONOSPHERE MAPS     GPS                 IONEX VERSION / TYPE
GIM V3.0            JPL - GNISD         01-oct-2012 05:29   PGM / RUN BY / DATE 
JPL'S GLOBAL IONOSPHERE MAPS YEAR 2012 DAY 272              COMMENT             
Global Ionospheric Maps (GIM) are generated on an hourly    DESCRIPTION         
and daily basis at JPL using data from up to 100 GPS sites  DESCRIPTION         
of the IGS and others institutions.                         DESCRIPTION         
The vertical TEC is modeled in a solar-geomagnetic          DESCRIPTION         
reference frame using bi-cubic splines on a spherical grid. DESCRIPTION         
A Kalman filter is used to solve simultaneously for         DESCRIPTION         
instrumental biases and VTEC on the grid (as stochastic     DESCRIPTION         
parameters).                                                DESCRIPTION         
Contact Address:  gpsiono@cobra.jpl.nasa.gov .              DESCRIPTION         
  2012     9    28     0     0     0                        EPOCH OF FIRST MAP  
  2012     9    29     0     0     0                        EPOCH OF LAST MAP   
  7200                                                      INTERVAL            
    13                                                      # OF MAPS IN FILE   
  NONE                                                      MAPPING FUNCTION    
    10.0                                                    ELEVATION CUTOFF    
One-way carrier phase leveled to code                       OBSERVABLES USED    
   170                                                      # OF STATIONS       
    31                                                      # OF SATELLITES     
  6371.0                                                    BASE RADIUS         
     2                                                      MAP DIMENSION       
   450.0 450.0   0.0                                        HGT1 / HGT2 / DHGT  
    87.5 -87.5  -2.5                                        LAT1 / LAT2 / DLAT  
  -180.0 180.0   5.0                                        LON1 / LON2 / DLON  
    -1                                                      EXPONENT            
TEC/RMS values in 0.1 TECU; 9999, if no value available     COMMENT             
                                                            END OF HEADER       
     1                                                      START OF TEC MAP    
  2012     9    28     0     0     0                        EPOCH OF CURRENT MAP
    87.5-180.0 180.0   5.0 450.0                            LAT/LON1/LON2/DLON/H
  191  192  193  194  194  195  195  196  196  196  196  196  196  195  195  194
  193  192  192  191  189  188  187  186  185  183  182  181  179  178  177  175
  174  173  172  171  170  169  168  167  166  166  165  165  165  164  164  164
  164  165  165  166  166  167  168  169  170  171  172  173  174  176  177  179
  180  182  183  184  186  187  188  190  191
    85.0-180.0 180.0   5.0 450.0                            LAT/LON1/LON2/DLON/H
  203  205  207  208  210  211  212  212  212  212  212  212  211  210  209  208
  206  205  203  201  199  196  194  192  189  187  184  182  179  177  174  172
  170  167  165  164  162  160  159  157  156  155  154  153  153  152  152  152
  152  152  152  153  154  155  157  158  160  163  165  167  170  173  176  178
  181  184  187  190  193  196  198  201  203
    82.5-180.0 180.0   5.0 450.0                            LAT/LON1/LON2/DLON/H
  216  218  221  223  225  226  227  228  228  228  227  226  225  224  222  220
  218  215  213  210  207  203  200  197  193  189  186  182  179  175  171  168
  165  162  159  157  155  153  151  149  148  147  146  145  144  143  142  142
  141  141  142  143  144  145  147  150  153  156  159  163  167  171  175  179
  184  188  192  197  201  205  209  212  216
    80.0-180.0 180.0   5.0 450.0                            LAT/LON1/LON2/DLON/H
  228  232  235  237  239  240  241  241  241  240  239  238  236  234  232  229
  226  223  220  217  213  209  205  200  196  191  187  182  177  172  167  163
  159  155  151  148  146  144  143  141  140  139  138  137  136  135  134  133
  132  132  132  133  135  137  140  143  147  151  156  161  166  171  176  182
  187  193  198  204  209  215  219  224  228
    77.5-180.0 180.0   5.0 450.0                            LAT/LON1/LON2/DLON/H
  240  244  247  250  251  252  252  252  252  251  249  248  246  243  240  237
  233  230  225  221  217  212  207  202  197  192  186  181  175  169  163  157
  152  147  142  139  136  134  132  132  131  131  130  129  128  126  125  123
  122  122  122  124  126  130  134  139  144  149  155  161  167  173  179  186
  192  199  205  212  218  224  230  235  240
    75.0-180.0 180.0   5.0 450.0                            LAT/LON1/LON2/DLON/H
  251  255  258  260  262  262  263  262  262  261  260  258  255  252  248  244
  239  234  229  224  219  214  208  203  197  192  186  179  173  166  158  151
  145  138  133  128  125  123  121  120  120  120  120  119  118  116  114  112
  110  110  111  114  118  123  129  136  143  150  157  164  171  178  185  192
  198  205  212  219  226  233  240  246  251
    72.5-180.0 180.0   5.0 450.0                            LAT/LON1/LON2/DLON/H
  261  265  268  270  271  272  272  272  272  271  270  268  265  261  256  250
  244  238  232  226  220  214  208  202  196  190  184  177  170  163  154  146
  138  131  124  119  114  111  110  109  109  109  108  108  106  103  100   98
   96   96   98  103  109  117  125  134  144  153  162  170  178  186  193  199
  206  213  219  227  234  242  249  255  261
    70.0-180.0 180.0   5.0 450.0                            LAT/LON1/LON2/DLON/H
  270  274  277  279  280  281  281  281  281  281  281  279  275  270  264  257
  250  243  236  229  223  216  208  201  194  188  181  175  168  160  151  141
  132  124  116  110  105  101   99   98   97   97   96   95   93   90   86   84
   82   83   86   92  101  111  122  134  146  157  168  178  187  195  202  208
  215  221  227  235  242  250  258  264  270
    67.5-180.0 180.0   5.0 450.0                            LAT/LON1/LON2/DLON/H
  279  284  287  288  289  289  289  289  290  290  290  288  285  279  272  264
  257  249  242  234  226  218  209  201  193  185  178  171  165  157  148  138
  128  118  110  103   98   94   91   89   87   86   85   84   81   78   75   72
   71   72   77   84   95  107  120  134  148  162  175  187  198  206  214  220
  225  231  237  243  251  259  267  274  279
    65.0-180.0 180.0   5.0 450.0                            LAT/LON1/LON2/DLON/H
  290  294  297  298  297  296  295  295  295  296  297  296  293  288  281  273
  265  258  250  242  232  222  212  202  192  183  175  168  162  155  146  135
  125  115  106   99   94   89   85   83   81   79   78   76   74   72   69   67
   67   69   74   82   93  106  120  136  152  168  183  198  210  220  227  233
  237  242  247  254  261  269  276  284  290
    62.5-180.0 180.0   5.0 450.0                            LAT/LON1/LON2/DLON/H
  302  307  310  310  307  304  301  298  298  299  301  301  299  295  289  282
  275  267  259  250  240  228  216  204  192  182  173  167  161  154  145  135
  124  114  105   98   93   88   84   81   78   76   75   74   73   72   71   70
   71   74   78   86   96  108  123  138  155  173  192  209  223  234  241  247
  251  255  260  266  272  280  288  296  302
    60.0-180.0 180.0   5.0 450.0                            LAT/LON1/LON2/DLON/H
  317  323  326  326  321  314  308  303  300  300  302  303  303  301  297  291
  283  275  267  258  247  234  221  208  195  183  174  168  162  156  147  137
  125  115  106  100   95   91   87   84   81   79   79   78   79   79   80   82
   83   86   89   95  104  114  127  143  160  180  200  219  235  247  256  262
  266  270  275  280  286  293  302  310  317
    57.5-180.0 180.0   5.0 450.0                            LAT/LON1/LON2/DLON/H
  336  344  349  347  340  330  319  309  304  303  303  305  306  306  303  298
  290  282  273  263  253  241  227  213  199  188  179  172  167  161  152  141
  129  118  110  105  101   97   94   91   89   88   89   89   91   93   95   98
  100  102  105  109  115  123  135  149  166  186  207  228  245  259  269  276
  282  286  291  296  302  309  318  327  336
    55.0-180.0 180.0   5.0 450.0                            LAT/LON1/LON2/DLON/H
  359  369  375  375  366  352  336  322  313  308  307  308  311  312  310  304
  295  284  275  266  257  246  233  219  207  196  188  182  176  169  160  148
  135  124  116  111  108  106  104  102  102  102  103  105  106  109  112  116
  119  121  122  124  128  135  145  158  174  193  214  235  253  267  279  289
  297  304  309  315  320  328  337  348  359
    52.5-180.0 180.0   5.0 450.0                            LAT/LON1/LON2/DLON/H
  384  397  404  404  395  379  360  342  328  320  315  315  317  319  317  309
  298  285  275  267  259  250  239  227  216  207  200  194  187  180  169  155
  141  130  123  120  118  117  116  116  117  118  119  121  122  125  128  132
  136  138  139  140  142  148  157  169  184  201  220  239  257  273  286  300
  312  322  330  336  342  350  359  371  384
    50.0-180.0 180.0   5.0 450.0                            LAT/LON1/LON2/DLON/H
  410  423  432  432  423  407  387  367  350  338  330  327  327  328  325  315
  301  286  274  268  262  255  246  236  226  219  212  206  199  189  177  162
  147  136  130  129  129  129  129  129  131  133  134  136  136  138  141  145
  150  153  154  154  156  161  169  181  194  209  226  242  259  275  292  309
  326  340  351  359  366  375  385  397  410
    47.5-180.0 180.0   5.0 450.0                            LAT/LON1/LON2/DLON/H
  435  445  453  455  448  433  414  393  375  359  348  342  341  340  336  323
  306  288  276  270  266  261  253  245  237  230  224  217  208  197  182  166
  151  141  138  139  140  140  140  140  142  144  146  146  146  147  150  155
  160  164  165  166  168  173  181  193  205  217  231  245  261  277  295  316
  337  356  370  381  390  401  412  424  435
    45.0-180.0 180.0   5.0 450.0                            LAT/LON1/LON2/DLON/H
  457  464  468  469  464  453  437  418  399  382  369  361  357  355  349  335
  315  295  283  276  273  269  263  255  247  240  233  225  214  200  184  167
  153  145  144  146  149  148  147  147  148  150  151  152  153  154  157  161
  167  172  174  175  177  183  192  203  214  225  236  248  262  278  297  320
  344  367  385  399  412  425  439  450  457
    42.5-180.0 180.0   5.0 450.0                            LAT/LON1/LON2/DLON/H
  478  479  480  479  474  465  452  437  420  404  390  380  375  372  365  349
  327  307  294  287  283  280  274  265  256  247  238  228  215  200  184  167
  154  148  148  152  154  152  149  148  149  152  154  156  158  160  163  167
  172  177  180  181  183  190  200  212  222  231  241  252  265  280  298  321
  346  371  392  411  429  447  463  474  478
    40.0-180.0 180.0   5.0 450.0                            LAT/LON1/LON2/DLON/H
  499  496  492  488  484  475  464  450  436  422  409  399  393  389  381  364
  342  322  308  300  296  292  285  276  265  253  242  230  217  202  185  170
  157  152  152  155  156  152  148  146  148  152  156  161  165  167  170  173
  177  180  182  183  186  194  206  218  229  237  246  257  269  282  298  319
  343  368  392  415  439  463  484  497  499
    37.5-180.0 180.0   5.0 450.0                            LAT/LON1/LON2/DLON/H
  524  519  511  504  497  488  476  463  450  438  426  417  411  406  397  380
  358  338  323  314  308  302  295  285  272  259  246  234  221  207  191  176
  165  158  157  158  157  152  146  145  147  153  160  168  175  179  180  181
  181  182  182  182  186  194  208  222  234  243  252  263  274  286  300  319
  341  365  390  417  446  476  503  520  524
    35.0-180.0 180.0   5.0 450.0                            LAT/LON1/LON2/DLON/H
  555  551  543  533  522  509  494  480  466  454  444  434  428  421  410  393
  372  352  337  326  317  309  302  292  280  265  252  241  231  220  206  191
  178  170  167  166  162  156  150  148  152  159  169  179  188  192  191  188
  184  181  178  178  182  192  207  223  237  248  258  269  280  292  305  322
  343  367  394  423  457  492  525  547  555
    32.5-180.0 180.0   5.0 450.0                            LAT/LON1/LON2/DLON/H
  594  595  588  577  562  544  524  504  488  475  464  454  446  436  423  405
  385  365  348  334  322  311  303  297  287  274  261  254  249  242  229  214
  200  191  186  183  178  169  162  160  164  172  182  193  202  204  200  192
  184  176  172  170  174  185  202  222  239  253  265  277  289  301  315  332
  354  379  408  441  478  517  554  581  594
    30.0-180.0 180.0   5.0 450.0                            LAT/LON1/LON2/DLON/H
  643  650  646  635  617  594  568  540  517  501  490  478  466  453  438  419
  398  377  358  340  322  309  302  300  296  285  276  274  275  272  261  246
  232  223  219  216  209  197  186  181  182  188  196  205  211  210  202  190
  178  168  162  160  164  176  195  218  240  257  272  285  298  313  330  352
  377  407  441  477  516  556  594  624  643
    27.5-180.0 180.0   5.0 450.0                            LAT/LON1/LON2/DLON/H
  703  715  715  705  685  658  625  588  557  536  522  507  490  473  456  437
  415  392  369  347  325  310  305  308  309  303  298  301  309  310  301  287
  276  269  269  267  257  238  219  207  202  204  208  212  211  206  194  180
  166  155  149  148  153  165  186  214  240  262  279  295  310  328  351  378
  411  448  488  531  573  612  649  680  703
    25.0-180.0 180.0   5.0 450.0                            LAT/LON1/LON2/DLON/H
  771  788  792  784  764  734  694  648  608  581  563  544  520  499  481  462
  439  414  386  360  336  322  321  327  331  329  329  338  351  356  348  337
  330  329  332  331  313  283  253  231  219  214  213  209  199  188  176  163
  150  140  134  135  140  154  177  209  241  267  288  306  324  347  375  410
  449  493  541  590  637  677  712  744  771
    22.5-180.0 180.0   5.0 450.0                            LAT/LON1/LON2/DLON/H
  837  861  873  870  852  820  774  719  670  637  614  588  558  532  515  498
  474  444  412  382  361  353  355  361  365  367  372  385  401  407  401  393
  390  393  399  394  368  324  281  247  226  216  210  197  178  162  151  141
  131  123  120  122  129  144  169  205  242  273  297  319  341  368  402  443
  488  537  589  643  693  735  771  805  837
    20.0-180.0 180.0   5.0 450.0                            LAT/LON1/LON2/DLON/H
  887  920  943  951  942  913  864  802  745  705  675  642  604  575  558  543
  518  486  450  418  404  407  415  415  413  417  427  442  457  461  455  448
  447  452  456  446  408  351  294  249  220  207  199  181  155  135  124  118
  112  108  108  111  120  136  164  203  244  279  308  333  360  391  430  475
  521  570  623  677  729  773  811  849  887
    17.5-180.0 180.0   5.0 450.0                            LAT/LON1/LON2/DLON/H
  908  950  986 1010 1017  999  955  894  833  787  749  707  661  627  610  595
  570  536  497  466  461  478  490  482  471  474  488  502  512  512  503  495
  494  496  493  472  422  354  288  237  206  194  186  165  134  111  102   99
   97   97   99  104  113  132  161  203  248  286  319  348  380  415  458  503
  547  590  634  681  731  778  821  864  908
    15.0-180.0 180.0   5.0 450.0                            LAT/LON1/LON2/DLON/H
  884  935  985 1030 1060 1062 1033  981  924  876  833  783  730  690  669  654
  629  595  555  525  527  555  570  552  532  533  547  558  562  555  541  529
  523  516  500  467  410  338  271  219  189  180  175  154  122   99   90   88
   87   89   93   98  109  129  161  205  252  294  329  363  399  438  483  527
  565  598  629  662  702  746  791  836  884
    12.5-180.0 180.0   5.0 450.0                            LAT/LON1/LON2/DLON/H
  814  863  923  992 1053 1085 1078 1045 1001  959  916  864  807  761  734  716
  691  660  622  591  595  627  640  615  588  588  599  604  599  585  564  546
  530  511  484  442  381  313  250  203  176  172  171  153  123   99   88   83
   82   85   89   94  106  128  163  209  258  301  339  376  415  458  504  546
  578  600  616  633  659  695  734  772  814
    10.0-180.0 180.0   5.0 450.0                            LAT/LON1/LON2/DLON/H
  719  753  807  890  984 1051 1075 1067 1045 1016  980  933  878  830  798  776
  755  730  697  662  659  683  690  660  632  631  637  634  619  597  571  546
  521  492  455  408  349  288  234  194  175  173  174  159  132  109   93   83
   81   84   87   92  104  129  166  214  264  308  346  385  427  472  518  558
  586  601  606  608  619  643  670  694  719
     7.5-180.0 180.0   5.0 450.0                            LAT/LON1/LON2/DLON/H
  626  635  672  756  867  960 1011 1033 1039 1032 1011  976  929  883  849  827
  810  796  769  730  709  715  711  682  659  658  657  644  623  596  566  535
  503  468  426  378  325  274  230  199  185  184  183  169  146  123  103   88
   83   85   87   90  102  130  170  220  271  314  352  391  435  481  526  565
  593  608  610  604  602  609  619  623  626
     5.0-180.0 180.0   5.0 450.0                            LAT/LON1/LON2/DLON/H
  562  543  555  627  740  842  905  945  975  992  991  975  945  909  879  858
  847  844  826  780  739  721  704  678  664  664  657  637  612  585  554  519
  484  447  408  365  321  277  239  214  202  199  195  181  160  136  113   95
   87   87   88   89  101  131  174  226  277  319  355  394  438  484  527  566
  597  618  628  626  618  610  601  585  562
     2.5-180.0 180.0   5.0 450.0                            LAT/LON1/LON2/DLON/H
  556  511  493  541  638  730  789  834  877  908  922  922  913  896  876  860
  857  864  853  801  739  698  669  648  643  645  633  610  588  566  537  502
  467  437  406  371  332  292  256  232  220  214  206  191  170  146  121  102
   93   91   90   89  101  131  177  230  280  321  355  393  437  481  521  560
  596  628  652  663  657  642  623  595  556
