ionex_esag_emptyfiles/esag2710.12i
     1.0            IONOSPHERE MAPS     GPS                 IONEX VERSION / TYPE
GIM V3.0            JPL - GNISD         30-sep-2012 05:29   PGM / RUN BY / DATE 
JPL'S GLOBAL IONOSPHERE MAPS YEAR 2012 DAY 271              COMMENT             
Global Ionospheric Maps (GIM) are generated on an hourly    DESCRIPTION         
and daily basis at JPL using data from up to 100 GPS sites  DESCRIPTION         
of the IGS and others institutions.                         DESCRIPTION         
The vertical TEC is modeled in a solar-geomagnetic          DESCRIPTION         
reference frame using bi-cubic splines on a spherical grid. DESCRIPTION         
A Kalman filter is used to solve simultaneously for         DESCRIPTION         
instrumental biases and VTEC on the grid (as stochastic     DESCRIPTION         
parameters).                                                DESCRIPTION         
Contact Address:  gpsiono@cobra.jpl.nasa.gov .              DESCRIPTION         
  2012     9    27     0     0     0                        EPOCH OF FIRST MAP  
  2012     9    28     0     0     0                        EPOCH OF LAST MAP   
  7200                                                      INTERVAL            
    13                                                      # OF MAPS IN FILE   
  NONE                                                      MAPPING FUNCTION    
    10.0                                                    ELEVATION CUTOFF    
One-way carrier phase leveled to code                       OBSERVABLES USED    
   170                                                      # OF STATIONS       
    31                                                      # OF SATELLITES     
  6371.0                                                    BASE RADIUS         
     2                                                      MAP DIMENSION       
   450.0 450.0   0.0                                        HGT1 / HGT2 / DHGT  
    87.5 -87.5  -2.5                                        LAT1 / LAT2 / DLAT  
  -180.0 180.0   5.0                                        LON1 / LON2 / DLON  
    -1                                                      EXPONENT            
TEC/RMS values in 0.1 TECU; 9999, if no value available     COMMENT             
                                                            END OF HEADER       
[from data line 4290]
    11                                                      START OF TEC MAP    
  2012     9    27    20     0     0                        EPOCH OF CURRENT MAP
    87.5-180.0 180.0   5.0 450.0                            LAT/LON1/LON2/DLON/H
  192  194  195  197  198  199  201  202  203  204  205  206  207  207  207  208
  208  208  207  207  206  206  205  204  203  201  200  199  197  195  194  192
  190  189  187  185  184  182  181  180  178  177  176  175  175  174  174  173
  173  173  173  173  173  173  173  174  174  175  176  176  177  178  179  180
  181  182  183  185  186  188  189  191  192
    85.0-180.0 180.0   5.0 450.0                            LAT/LON1/LON2/DLON/H
  193  196  199  202  206  209  211  214  217  219  221  223  224  226  226  227
  227  227  226  225  224  223  221  219  216  213  210  207  204  200  196  193
  189  185  182  178  175  172  169  166  164  162  160  159  158  157  156  156
  156  156  156  157  157  158  159  159  160  161  162  163  164  166  167  169
  171  173  175  178  181  183  186  190  193
    82.5-180.0 180.0   5.0 450.0                            LAT/LON1/LON2/DLON/H
  192  198  203  208  212  217  222  226  230  233  237  239  242  243  245  246
  246  245  245  243  241  239  236  232  229  224  219  215  209  204  199  194
  188  183  178  173  168  163  158  154  150  147  144  142  140  139  138  138
  138  139  140  141  142  144  145  146  147  147  148  150  151  152  154  156
  159  162  165  169  173  178  183  187  192
    80.0-180.0 180.0   5.0 450.0                            LAT/LON1/LON2/DLON/H
  191  198  205  211  218  224  229  235  240  244  249  253  256  258  260  261
  262  262  261  259  256  253  249  244  239  234  228  221  215  209  202  196
  190  184  178  172  166  160  154  148  142  137  132  128  125  123  122  122
  122  123  125  126  128  129  131  132  132  133  133  134  135  137  139  141
  145  149  153  159  165  171  178  184  191
    77.5-180.0 180.0   5.0 450.0                            LAT/LON1/LON2/DLON/H
  189  197  205  213  220  227  234  240  246  251  257  262  266  269  272  274
  274  274  273  271  268  264  259  253  247  240  233  225  218  211  204  197
  191  185  179  174  168  162  155  148  141  133  126  120  115  112  109  108
  108  109  111  112  114  115  116  117  117  117  116  116  117  118  121  124
  128  133  140  147  155  163  172  180  189
    75.0-180.0 180.0   5.0 450.0                            LAT/LON1/LON2/DLON/H
  186  196  205  214  221  229  235  242  248  255  261  267  272  277  280  282
  284  284  282  280  276  271  265  259  252  244  236  228  219  211  203  196
  190  185  180  176  172  166  159  152  143  134  126  117  110  104  101   99
   98   98   99  100  101  102  103  102  101  100   98   97   97   98  101  105
  110  117  125  135  145  155  166  176  186
    72.5-180.0 180.0   5.0 450.0                            LAT/LON1/LON2/DLON/H
  185  196  206  215  223  230  237  243  249  256  262  269  275  280  285  288
  290  290  289  286  281  276  269  262  254  246  238  229  221  212  203  196
  189  184  181  177  174  169  163  156  147  137  127  117  108  101   96   93
   91   91   91   91   91   91   90   89   86   84   82   80   79   80   83   87
   94  102  112  123  135  148  160  173  185
    70.0-180.0 180.0   5.0 450.0                            LAT/LON1/LON2/DLON/H
  186  199  211  220  228  235  240  245  251  256  263  269  276  282  287  292
  294  295  294  291  286  280  272  265  257  248  240  232  223  215  206  198
  191  185  181  178  174  170  164  157  148  137  126  116  107  100   94   90
   88   87   86   85   84   83   81   78   75   72   69   67   66   66   69   74
   81   91  102  115  128  143  158  172  186
    67.5-180.0 180.0   5.0 450.0                            LAT/LON1/LON2/DLON/H
  192  207  220  230  238  244  248  251  254  259  265  271  278  284  290  294
  297  299  298  295  290  284  276  268  259  251  243  236  228  220  212  204
  195  188  183  178  174  168  162  154  144  134  124  115  107  100   95   91
   88   86   84   83   81   78   75   72   69   66   63   61   60   60   63   68
   75   85   97  111  126  142  159  176  192
    65.0-180.0 180.0   5.0 450.0                            LAT/LON1/LON2/DLON/H
  202  219  234  246  254  258  260  262  263  266  271  276  283  289  294  299
  302  303  303  301  296  289  280  272  264  256  249  242  235  228  220  211
  202  193  185  179  172  165  156  147  137  128  119  112  106  100   96   93
   90   88   86   84   81   77   74   71   68   66   65   64   63   63   66   70
   77   87   99  113  129  147  165  184  202
    62.5-180.0 180.0   5.0 450.0                            LAT/LON1/LON2/DLON/H
  216  235  252  265  274  277  278  278  279  281  284  289  294  298  303  306
  309  310  309  307  302  295  286  278  270  263  256  250  244  238  230  220
  210  199  189  180  171  161  151  140  130  122  115  109  106  102  100   97
   95   93   90   87   84   80   77   74   73   73   73   74   74   74   76   80
   87   96  108  123  139  157  176  196  216
    60.0-180.0 180.0   5.0 450.0                            LAT/LON1/LON2/DLON/H
  234  255  273  288  296  300  300  300  300  302  305  309  313  315  317  318
  319  318  316  313  308  301  293  284  277  270  265  260  255  249  241  231
  219  206  194  182  171  159  147  135  125  118  113  110  108  107  106  104
  102  100   97   94   90   86   83   81   81   83   86   88   89   90   91   95
  101  110  122  136  152  170  191  212  234
    57.5-180.0 180.0   5.0 450.0                            LAT/LON1/LON2/DLON/H
  253  276  296  311  321  325  326  326  327  329  332  336  338  339  338  335
  332  328  324  320  315  308  300  292  285  279  275  271  268  262  254  243
  228  213  199  185  172  159  146  135  125  119  116  115  115  114  114  113
  111  109  107  103   99   95   92   91   92   96  100  104  106  107  107  110
  115  124  136  151  167  186  207  229  253
    55.0-180.0 180.0   5.0 450.0                            LAT/LON1/LON2/DLON/H
  271  296  318  335  346  352  354  356  358  360  363  365  366  366  362  356
  348  340  333  328  321  314  306  299  293  289  286  284  281  276  267  254
  237  220  203  188  174  162  150  139  132  127  125  124  124  124  124  124
  122  121  118  115  112  108  105  103  105  109  114  119  122  122  121  123
  128  137  150  164  181  200  221  246  271
    52.5-180.0 180.0   5.0 450.0                            LAT/LON1/LON2/DLON/H
  286  313  337  357  370  379  384  388  390  392  392  393  393  392  387  378
  365  353  342  335  328  320  313  306  301  299  298  297  295  290  280  264
  245  225  206  191  177  166  156  148  141  138  136  136  136  136  136  136
  136  134  132  130  126  123  120  118  118  122  127  132  135  134  132  132
  136  146  159  175  191  210  233  258  286
    50.0-180.0 180.0   5.0 450.0                            LAT/LON1/LON2/DLON/H
  295  325  353  375  392  404  413  420  422  420  417  415  416  415  410  399
  383  366  353  343  335  327  320  314  311  310  310  310  307  300  289  271
  250  228  207  192  180  171  163  156  152  149  148  147  147  148  149  150
  150  149  147  145  142  139  135  132  131  133  138  142  144  142  138  137
  141  152  165  181  197  215  238  265  295
    47.5-180.0 180.0   5.0 450.0                            LAT/LON1/LON2/DLON/H
  298  331  363  389  410  426  439  448  450  444  436  430  431  433  429  418
  401  381  365  352  343  335  329  324  321  322  323  322  317  308  293  274
  251  227  207  192  183  176  169  163  159  158  157  157  158  159  161  164
  165  164  162  160  157  154  151  146  143  142  145  148  149  146  141  139
  144  155  169  184  199  217  239  267  298
    45.0-180.0 180.0   5.0 450.0                            LAT/LON1/LON2/DLON/H
  297  333  367  397  421  441  459  471  473  463  450  441  441  445  444  435
  419  398  379  364  354  346  340  335  334  336  337  334  325  311  293  273
  250  228  208  194  186  180  174  167  162  162  163  164  166  168  172  175
  177  177  175  173  171  168  164  158  152  149  148  149  149  146  141  140
  145  156  170  185  200  216  238  265  297
    42.5-180.0 180.0   5.0 450.0                            LAT/LON1/LON2/DLON/H
  296  332  369  401  426  449  471  487  490  479  462  451  451  455  457  452
  438  417  396  379  368  360  354  350  349  352  353  347  333  313  294  274
  253  232  213  200  193  186  177  167  161  162  166  169  173  176  180  183
  185  185  184  183  182  179  173  166  158  152  148  146  144  141  139  139
  145  156  172  187  201  217  237  264  296
    40.0-180.0 180.0   5.0 450.0                            LAT/LON1/LON2/DLON/H
  297  333  369  401  427  450  474  495  502  493  476  464  463  468  472  470
  458  438  416  397  385  376  370  367  367  369  370  361  343  321  300  282
  263  244  226  214  205  196  182  167  160  161  168  174  178  181  184  187
  188  189  189  189  188  186  180  171  161  152  145  139  136  134  135  137
  144  157  173  190  206  222  241  266  297
    37.5-180.0 180.0   5.0 450.0                            LAT/LON1/LON2/DLON/H
  304  337  371  400  424  446  472  497  510  507  494  483  481  485  490  490
  481  461  438  417  404  395  389  386  385  388  388  379  359  337  318  302
  287  269  251  237  226  212  193  175  164  165  172  180  185  186  186  186
  187  189  191  192  192  190  184  174  163  151  141  132  127  127  131  136
  144  157  175  195  214  232  251  275  304
    35.0-180.0 180.0   5.0 450.0                            LAT/LON1/LON2/DLON/H
  316  346  375  400  419  439  465  494  515  521  516  509  506  508  512  513
  505  486  462  440  425  416  410  406  405  407  407  399  383  366  352  341
  328  310  289  271  255  237  215  194  181  179  183  189  192  191  188  185
  186  189  191  193  194  191  185  176  163  150  137  127  121  122  127  135
  143  157  177  201  224  245  266  289  316
    32.5-180.0 180.0   5.0 450.0                            LAT/LON1/LON2/DLON/H
  332  358  382  400  414  430  456  489  517  534  539  538  535  536  539  540
  532  513  488  465  448  438  432  427  425  426  427  423  415  409  404  397
  385  365  341  317  295  274  250  230  214  205  201  201  203  199  193  189
  190  192  194  195  193  191  186  176  163  149  136  125  119  120  126  133
  142  157  179  207  235  259  283  307  332
    30.0-180.0 180.0   5.0 450.0                            LAT/LON1/LON2/DLON/H
  349  372  391  404  412  423  446  481  516  545  561  567  567  567  569  570
  562  542  517  493  475  463  455  449  446  446  448  451  455  464  470  469
  458  436  405  374  346  321  299  280  260  239  222  216  215  211  205  201
  201  203  202  197  192  189  185  176  163  149  137  126  120  121  126  132
  141  156  181  212  244  273  299  324  349
    27.5-180.0 180.0   5.0 450.0                            LAT/LON1/LON2/DLON/H
  365  387  403  411  414  420  440  473  513  551  579  595  599  600  603  603
  595  577  552  526  505  491  481  473  468  468  472  483  502  527  548  554
  545  519  482  441  405  375  352  332  307  272  242  229  228  228  225  224
  224  223  215  203  191  186  184  176  163  150  139  130  124  123  126  130
  138  155  182  216  251  283  312  339  365
    25.0-180.0 180.0   5.0 450.0                            LAT/LON1/LON2/DLON/H
  379  403  418  424  424  426  441  472  514  558  595  619  630  636  640  642
  635  618  594  567  543  525  511  500  492  492  500  520  555  598  634  650
  643  613  565  511  463  423  396  374  342  296  255  237  240  248  252  254
  253  247  232  210  191  184  181  175  163  150  140  132  127  126  126  127
  134  152  181  217  255  290  321  351  379
    22.5-180.0 180.0   5.0 450.0                            LAT/LON1/LON2/DLON/H
  392  418  437  446  446  445  456  484  525  572  615  645  663  674  681  685
  682  669  646  617  589  566  546  530  520  520  534  564  614  673  725  749
  741  703  640  570  508  456  421  393  354  300  253  237  249  267  279  284
  282  271  249  219  194  182  179  172  161  150  140  133  128  126  124  122
  129  148  178  216  256  294  328  360  392
    20.0-180.0 180.0   5.0 450.0                            LAT/LON1/LON2/DLON/H
  404  435  460  475  479  480  490  517  555  599  643  676  699  715  727  735
  736  728  707  678  646  615  587  565  552  553  573  613  675  748  809  836
  823  770  689  603  527  463  415  378  335  281  239  231  252  281  301  308
  305  290  263  228  198  183  176  169  159  149  138  130  125  123  119  116
  121  141  174  214  257  297  333  369  404
    17.5-180.0 180.0   5.0 450.0                            LAT/LON1/LON2/DLON/H
  416  454  487  510  521  527  543  572  609  647  684  716  741  762  779  791
  797  792  775  746  709  671  635  605  588  590  615  663  733  811  875  898
  871  798  695  594  509  435  376  333  293  249  219  220  250  288  312  320
  315  299  271  236  204  184  173  165  157  147  136  126  121  118  113  108
  113  134  168  210  256  299  338  377  416
    15.0-180.0 180.0   5.0 450.0                            LAT/LON1/LON2/DLON/H
  430  473  514  545  564  579  604  641  680  713  741  766  790  815  838  853
  861  859  846  818  777  732  688  651  629  630  657  709  780  857  913  922
  871  768  643  536  454  381  318  274  242  214  199  209  244  284  308  315
  310  296  273  241  210  187  171  160  154  146  133  121  116  114  109  102
  106  126  162  207  255  302  345  387  430
    12.5-180.0 180.0   5.0 450.0                            LAT/LON1/LON2/DLON/H
  445  493  539  577  603  625  660  709  753  783  804  822  843  874  903  920
  926  926  915  889  846  796  747  705  677  673  697  746  811  875  913  897
  816  685  546  446  378  313  253  213  196  190  189  204  238  275  296  301
  296  286  268  242  213  188  168  157  152  146  133  120  115  113  107   99
  101  122  157  205  256  306  352  398  445
    10.0-180.0 180.0   5.0 450.0                            LAT/LON1/LON2/DLON/H
  459  510  560  601  628  655  700  759  811  841  858  871  892  930  968  987
  988  986  979  956  914  862  811  766  731  718  733  772  823  867  879  836
  729  578  434  348  300  249  195  166  170  187  197  209  237  268  285  287
  281  273  259  237  212  187  165  154  152  147  136  124  118  116  109  101
  102  122  157  206  259  311  360  409  459
     7.5-180.0 180.0   5.0 450.0                            LAT/LON1/LON2/DLON/H
  470  524  577  617  639  663  710  777  837  874  891  902  925  970 1018 1039
 1037 1033 1030 1012  973  924  876  830  788  763  764  788  820  842  829  762
  637  478  339  270  241  202  157  142  168  206  223  230  248  272  285  282
  272  262  247  227  205  181  162  153  152  150  141  131  127  124  117  108
  109  128  163  212  266  318  368  418  470
     5.0-180.0 180.0   5.0 450.0                            LAT/LON1/LON2/DLON/H
  478  534  588  625  641  657  697  761  825  868  891  904  930  983 1039 1063
 1060 1057 1059 1048 1015  973  931  888  841  804  789  795  808  810  779  696
  567  414  292  239  219  185  144  140  187  244  267  268  277  295  303  294
  275  256  236  214  193  174  158  152  153  153  148  141  137  134  127  120
  121  139  174  222  275  325  374  425  478
     2.5-180.0 180.0   5.0 450.0                            LAT/LON1/LON2/DLON/H
  481  539  594  630  639  645  674  727  786  830  856  870  898  955 1017 1046
 1046 1048 1058 1056 1031  998  966  929  881  835  808  797  794  783  742  660
  542  412  311  263  237  197  156  158  222  297  327  324  327  341  342  322
  290  257  226  200  180  165  155  152  154  156  153  149  147  145  139  133
  135  153  188  235  286  332  377  426  481
