ionex_esag_emptyfiles/esag0310.12i
     1.0            IONOSPHERE MAPS     GPS                 IONEX VERSION / TYPE
GIM V3.0            JPL - GNISD         03-feb-2012 05:33   PGM / RUN BY / DATE 
JPL'S GLOBAL IONOSPHERE MAPS YEAR 2012 DAY 031              COMMENT             
Global Ionospheric Maps (GIM) are generated on an hourly    DESCRIPTION         
and daily basis at JPL using data from up to 100 GPS sites  DESCRIPTION         
of the IGS and others institutions.                         DESCRIPTION         
The vertical TEC is modeled in a solar-geomagnetic          DESCRIPTION         
reference frame using bi-cubic splines on a spherical grid. DESCRIPTION         
A Kalman filter is used to solve simultaneously for         DESCRIPTION         
instrumental biases and VTEC on the grid (as stochastic     DESCRIPTION         
parameters).                                                DESCRIPTION         
Contact Address:  gpsiono@cobra.jpl.nasa.gov .              DESCRIPTION         
  2012     1    31     0     0     0                        EPOCH OF FIRST MAP  
  2012     2     1     0     0     0                        EPOCH OF LAST MAP   
  7200                                                      INTERVAL            
    13                                                      # OF MAPS IN FILE   
  NONE                                                      MAPPING FUNCTION    
    10.0                                                    ELEVATION CUTOFF    
One-way carrier phase leveled to code                       OBSERVABLES USED    
   170                                                      # OF STATIONS       
    31                                                      # OF SATELLITES     
  6371.0                                                    BASE RADIUS         
     2                                                      MAP DIMENSION       
   450.0 450.0   0.0                                        HGT1 / HGT2 / DHGT  
    87.5 -87.5  -2.5                                        LAT1 / LAT2 / DLAT  
  -180.0 180.0   5.0                                        LON1 / LON2 / DLON  
    -1                                                      EXPONENT            
TEC/RMS values in 0.1 TECU; 9999, if no value available     COMMENT             
                                                            END OF HEADER       
[from data line 3861]
    10                                                      START OF TEC MAP    
  2012     1    31    18     0     0                        EPOCH OF CURRENT MAP
    87.5-180.0 180.0   5.0 450.0                            LAT/LON1/LON2/DLON/H
   88   88   89   89   90   90   90   91   91   91   91   91   91   91   91   91
   91   91   90   90   89   89   88   88   87   87   86   85   85   84   84   83
   82   82   81   81   80   80   79   79   78   78   78   78   77   77   77   77
   77   77   77   78   78   78   78   79   79   80   80   81   81   82   82   83
   83   84   84   85   86   86   87   87   88
    85.0-180.0 180.0   5.0 450.0                            LAT/LON1/LON2/DLON/H
   89   90   91   92   93   94   94   95   96   96   97   97   98   98   98   98
   97   97   96   96   95   94   93   92   91   89   88   87   85   84   83   81
   80   79   78   76   75   74   74   73   72   72   71   71   70   70   70   70
   70   70   71   71   71   72   72   73   74   74   75   76   77   78   79   80
   81   82   83   84   85   86   87   88   89
    82.5-180.0 180.0   5.0 450.0                            LAT/LON1/LON2/DLON/H
   88   89   91   92   93   95   96   98   99  100  101  102  103  104  104  104
  104  104  104  103  102  101   99   97   95   93   91   89   87   85   83   80
   78   76   75   73   71   70   69   67   66   66   65   64   64   64   64   64
   64   64   64   65   65   66   66   67   68   69   70   71   72   73   75   76
   77   79   80   81   83   84   85   87   88
    80.0-180.0 180.0   5.0 450.0                            LAT/LON1/LON2/DLON/H
   84   85   87   89   91   93   95   97   99  101  104  106  108  109  111  112
  112  112  112  112  111  109  107  105  103  100   97   94   91   87   84   81
   78   75   73   70   68   66   65   63   62   61   60   59   58   58   58   58
   58   58   59   59   59   60   60   61   62   62   63   64   66   67   68   70
   72   73   75   76   78   79   81   82   84
    77.5-180.0 180.0   5.0 450.0                            LAT/LON1/LON2/DLON/H
   77   79   81   83   85   87   90   93   96  100  104  108  112  116  119  121
  123  124  124  123  122  121  119  116  113  109  105  101   97   92   88   84
   80   76   73   70   67   65   62   60   58   57   55   54   53   53   53   53
   53   53   54   54   54   54   55   55   55   55   56   57   58   59   61   62
   64   66   68   69   71   72   74   76   77
    75.0-180.0 180.0   5.0 450.0                            LAT/LON1/LON2/DLON/H
   68   70   72   74   76   79   83   87   93   99  106  113  120  126  131  135
  137  139  139  138  137  135  133  130  126  121  116  110  105   99   94   89
   84   79   75   71   68   65   62   59   57   54   52   50   49   48   48   48
   48   49   49   50   50   50   49   49   48   48   48   48   49   50   52   53
   55   57   59   60   62   64   65   67   68
    72.5-180.0 180.0   5.0 450.0                            LAT/LON1/LON2/DLON/H
   58   60   61   64   67   71   76   83   91  101  112  123  133  142  148  152
  154  155  155  155  154  152  149  145  140  134  128  121  114  107  101   95
   89   84   79   75   70   66   63   59   56   53   50   47   45   43   42   42
   43   44   45   46   46   46   45   43   42   41   40   40   40   41   43   44
   46   48   49   51   52   54   55   57   58
    70.0-180.0 180.0   5.0 450.0                            LAT/LON1/LON2/DLON/H
   48   50   52   55   59   65   72   81   93  107  122  136  149  160  167  170
  172  173  173  173  172  170  166  160  154  147  139  131  123  115  108  101
   95   89   84   79   74   69   64   60   56   52   48   45   42   39   38   38
   38   40   41   42   43   42   41   39   37   35   34   33   34   35   36   38
   39   40   42   43   44   45   46   47   48
    67.5-180.0 180.0   5.0 450.0                            LAT/LON1/LON2/DLON/H
   41   42   45   49   55   63   72   84   99  116  134  152  167  178  185  189
  191  191  192  192  190  186  181  174  166  157  148  138  129  121  113  107
  101   95   90   84   78   72   67   61   56   52   47   43   39   36   34   34
   35   36   38   40   40   40   38   36   34   32   30   30   30   31   33   34
   36   37   38   38   39   39   39   40   41
    65.0-180.0 180.0   5.0 450.0                            LAT/LON1/LON2/DLON/H
   37   39   43   48   56   65   77   91  107  126  147  166  183  195  203  207
  209  210  211  210  207  202  194  185  175  165  154  144  134  126  118  112
  106  101   95   89   82   75   69   63   57   52   47   43   38   35   33   32
   32   34   36   37   38   38   37   35   33   31   30   30   31   33   35   37
   38   39   39   39   38   37   37   36   37
    62.5-180.0 180.0   5.0 450.0                            LAT/LON1/LON2/DLON/H
   38   41   45   52   61   72   84   99  116  135  156  177  195  208  217  222
  226  227  228  226  222  215  205  194  182  170  158  147  138  130  123  117
  112  107  101   95   87   79   71   65   59   54   49   44   40   36   34   32
   32   33   35   36   37   38   37   36   35   34   33   34   36   39   42   44
   46   46   46   45   44   42   40   38   38
    60.0-180.0 180.0   5.0 450.0                            LAT/LON1/LON2/DLON/H
   46   48   53   61   70   81   94  107  123  141  161  182  201  216  228  235
  240  243  243  240  234  225  214  200  186  173  161  150  141  134  127  122
  117  113  108  101   92   84   75   68   62   57   52   47   43   39   37   36
   35   36   36   38   39   40   40   40   40   39   40   42   45   49   52   55
   57   57   57   56   54   51   48   46   46
    57.5-180.0 180.0   5.0 450.0                            LAT/LON1/LON2/DLON/H
   58   60   65   72   82   92  103  115  128  144  164  184  203  220  234  244
  251  254  254  251  244  234  221  206  190  176  164  154  146  139  133  128
  124  120  114  107   99   89   80   73   67   62   57   52   48   45   43   42
   41   41   41   42   44   46   47   48   48   49   50   53   57   62   65   68
   69   70   69   68   65   62   60   58   58
    55.0-180.0 180.0   5.0 450.0                            LAT/LON1/LON2/DLON/H
   71   73   78   85   94  104  113  122  133  148  165  184  203  221  237  250
  259  263  262  258  250  240  226  210  194  179  167  159  152  146  140  134
  130  126  121  114  105   96   88   81   75   70   65   60   55   53   52   51
   50   50   50   51   53   56   58   59   60   61   64   67   72   77   80   82
   82   81   80   78   76   73   71   70   71
    52.5-180.0 180.0   5.0 450.0                            LAT/LON1/LON2/DLON/H
   82   85   90   97  106  114  123  131  141  153  168  186  204  222  239  254
  264  268  266  262  254  244  231  215  198  183  172  165  159  153  146  140
  135  131  126  120  112  104   96   90   84   79   74   69   64   62   62   62
   62   63   64   65   68   70   72   74   75   76   79   83   89   93   95   94
   93   90   87   85   83   82   81   81   82
    50.0-180.0 180.0   5.0 450.0                            LAT/LON1/LON2/DLON/H
   88   92   98  106  115  124  132  141  150  162  176  191  207  224  241  257
  268  271  269  264  257  249  236  220  203  188  178  172  166  160  152  144
  137  133  129  124  118  111  104   98   94   89   84   79   75   73   73   74
   76   77   79   81   83   86   88   89   90   92   94   99  104  107  108  105
  100   95   90   87   85   85   85   86   88
    47.5-180.0 180.0   5.0 450.0                            LAT/LON1/LON2/DLON/H
   89   93  100  110  120  130  140  151  162  175  189  202  214  228  244  260
  270  273  270  266  260  253  243  227  210  195  185  179  173  166  155  145
  137  132  130  127  122  117  111  106  101   98   94   90   87   85   85   87
   89   91   93   95   97   99  101  102  103  104  107  112  116  119  117  113
  106   98   91   86   83   84   85   86   89
    45.0-180.0 180.0   5.0 450.0                            LAT/LON1/LON2/DLON/H
   84   88   97  108  121  134  146  160  175  190  204  215  224  234  248  263
  273  275  273  268  265  260  251  237  220  205  194  186  180  170  157  144
  135  131  130  129  125  121  115  110  106  104  103  101   99   97   96   97
   99  101  103  104  106  106  108  109  111  112  115  120  124  125  122  117
  108   99   90   84   81   81   82   82   84
    42.5-180.0 180.0   5.0 450.0                            LAT/LON1/LON2/DLON/H
   76   80   90  103  118  133  150  168  187  206  221  230  235  242  254  267
  276  278  276  273  272  269  262  250  234  218  204  195  186  174  159  144
  135  131  131  130  128  123  118  112  108  108  110  111  109  106  104  104
  105  106  106  106  105  105  106  109  111  114  117  121  124  125  122  117
  109   99   90   83   79   78   77   76   76
    40.0-180.0 180.0   5.0 450.0                            LAT/LON1/LON2/DLON/H
   69   73   83   98  114  131  151  173  198  221  237  245  248  252  261  272
  280  283  281  280  280  279  275  264  249  232  217  204  193  180  164  149
  140  137  136  134  130  125  119  113  110  112  116  119  117  113  109  106
  105  103  101  100   98   97   99  103  108  111  115  118  120  121  118  114
  108  100   91   84   79   76   74   71   69
    37.5-180.0 180.0   5.0 450.0                            LAT/LON1/LON2/DLON/H
   65   69   80   95  111  129  151  178  207  233  251  259  262  264  270  279
  286  288  288  288  289  290  287  278  264  247  230  215  203  190  174  161
  153  150  147  142  136  131  125  119  116  119  123  126  122  116  109  105
  102   99   97   94   91   89   91   96  103  108  111  114  115  115  114  112
  108  102   94   87   81   77   73   68   65
    35.0-180.0 180.0   5.0 450.0                            LAT/LON1/LON2/DLON/H
   66   71   82   96  111  129  152  181  214  244  263  272  276  278  283  288
  293  296  296  297  299  300  297  289  276  260  242  228  215  203  191  182
  178  175  168  158  150  144  139  134  131  132  134  132  126  118  112  108
  105  103  101   98   92   88   88   93  100  105  108  111  111  111  111  110
  108  104   98   91   85   79   74   68   66
    32.5-180.0 180.0   5.0 450.0                            LAT/LON1/LON2/DLON/H
   70   76   88  102  115  131  154  185  220  252  273  285  291  294  297  300
  303  305  306  307  307  306  303  295  284  270  254  241  231  223  217  216
  217  215  204  188  175  169  166  162  158  155  150  142  134  127  124  123
  123  122  122  118  110  100   95   97  103  107  109  111  111  111  112  112
  111  107  101   95   88   82   76   71   70
    30.0-180.0 180.0   5.0 450.0                            LAT/LON1/LON2/DLON/H
   76   85   98  111  123  138  158  189  225  258  282  297  306  311  313  313
  314  316  318  317  314  310  304  297  288  277  266  257  253  253  256  265
  273  273  257  233  215  209  208  204  196  185  172  159  150  149  153  158
  163  166  167  163  148  128  115  111  112  113  115  115  116  116  117  117
  115  110  104   98   91   84   78   74   76
    27.5-180.0 180.0   5.0 450.0                            LAT/LON1/LON2/DLON/H
   82   93  109  122  134  146  165  193  228  262  289  309  321  327  329  328
  327  328  329  326  319  311  303  297  291  285  280  279  284  295  312  333
  349  350  329  298  272  261  258  251  237  218  199  184  180  189  206  220
  229  233  233  223  199  167  142  130  126  125  124  124  125  125  126  125
  120  113  106   99   92   86   80   78   82
    25.0-180.0 180.0   5.0 450.0                            LAT/LON1/LON2/DLON/H
   86  100  118  133  145  156  172  198  231  265  296  320  335  342  344  343
  342  342  340  333  321  310  302  298  297  298  300  307  326  353  387  423
  447  447  418  375  337  317  308  295  274  250  228  218  226  249  278  299
  308  308  303  285  250  207  173  154  145  139  137  136  136  136  135  132
  125  115  106   99   92   86   82   80   86
    22.5-180.0 180.0   5.0 450.0                            LAT/LON1/LON2/DLON/H
   88  104  125  143  156  167  182  204  235  269  303  331  349  356  358  360
  360  357  350  337  320  308  304  305  310  318  328  346  380  429  482  531
  559  552  511  453  399  367  348  327  299  272  256  257  279  316  354  378
  383  376  362  335  291  240  200  177  165  157  153  150  149  147  144  138
  128  116  106   98   92   87   83   82   88
    20.0-180.0 180.0   5.0 450.0                            LAT/LON1/LON2/DLON/H
   89  106  129  151  167  180  193  213  241  276  313  345  364  371  375  379
  380  372  358  338  318  308  309  318  332  348  365  393  445  514  584  641
  666  649  593  518  448  401  370  338  306  283  278  293  330  376  417  438
  436  419  393  356  306  257  219  198  186  177  171  166  162  157  150  141
  129  116  105   98   92   86   82   82   89
    17.5-180.0 180.0   5.0 450.0                            LAT/LON1/LON2/DLON/H
   88  106  132  157  178  193  208  226  253  288  327  362  383  390  395  401
  402  389  366  339  316  309  320  339  363  386  409  445  511  596  677  735
  753  721  649  557  472  412  370  332  300  286  293  323  368  416  451  462
  450  424  388  343  296  257  231  215  205  198  190  183  175  165  154  141
  128  115  105   99   93   86   81   81   88
    15.0-180.0 180.0   5.0 450.0                            LAT/LON1/LON2/DLON/H
   86  106  134  163  188  207  223  242  269  305  347  385  407  414  420  427
  426  406  376  343  319  316  336  366  398  428  455  498  572  663  745  796
  800  751  665  563  471  405  358  318  290  285  304  341  386  424  444  442
  424  395  355  309  270  248  237  229  222  216  208  199  188  173  157  141
  126  113  105  100   94   85   80   78   86
    12.5-180.0 180.0   5.0 450.0                            LAT/LON1/LON2/DLON/H
   85  106  136  169  198  221  239  260  288  325  370  411  437  447  452  457
  451  426  390  353  329  331  359  397  436  471  502  546  620  707  777  811
  798  738  647  546  457  392  346  308  285  288  312  347  381  403  406  395
  376  349  311  268  242  237  240  240  236  230  223  213  200  182  161  141
  125  113  106  102   95   85   77   76   85
    10.0-180.0 180.0   5.0 450.0                            LAT/LON1/LON2/DLON/H
   84  106  138  173  206  233  255  278  308  347  394  440  470  483  489  490
  478  448  409  372  350  357  389  432  474  511  544  586  651  722  772  786
  761  698  611  519  441  385  344  311  295  302  322  347  365  369  358  341
  324  303  270  237  223  233  246  249  244  239  233  224  210  191  168  145
  126  113  107  103   96   84   75   74   84
     7.5-180.0 180.0   5.0 450.0                            LAT/LON1/LON2/DLON/H
   84  108  141  177  213  243  268  294  327  368  418  466  501  518  524  521
  504  472  433  399  382  391  425  468  510  548  581  618  668  718  745  741
  708  648  574  500  439  395  362  336  323  326  336  345  347  337  319  301
  289  274  249  227  226  242  256  255  247  242  238  232  220  201  176  151
  129  115  108  105   96   83   73   73   84
     5.0-180.0 180.0   5.0 450.0                            LAT/LON1/LON2/DLON/H
   86  110  144  181  218  250  279  308  344  386  437  488  525  546  553  547
  527  496  460  433  421  433  465  504  542  578  610  641  675  703  709  692
  658  610  555  502  459  426  399  376  363  357  354  347  336  320  305  295
  287  271  251  239  244  259  268  261  248  242  240  237  228  211  187  159
  135  117  109  105   96   83   73   74   86
     2.5-180.0 180.0   5.0 450.0                            LAT/LON1/LON2/DLON/H
   89  114  147  184  221  255  286  319  357  401  451  500  538  561  570  565
  546  517  488  468  463  476  504  538  570  602  630  654  673  683  676  656
  629  597  562  528  498  471  446  424  407  391  373  354  337  327  323  321
  311  287  265  260  269  279  279  265  248  241  240  240  234  220  197  169
  142  121  111  106   97   84   75   76   89
