ionex_esag_emptyfiles/esag2730.12i
     1.0            IONOSPHERE MAPS     GPS                 IONEX VERSION / TYPE
GIM V3.0            JPL - GNISD         02-oct-2012 05:41   PGM / RUN BY / DATE 
JPL'S GLOBAL IONOSPHERE MAPS YEAR 2012 DAY 273              COMMENT             
Global Ionospheric Maps (GIM) are generated on an hourly    DESCRIPTION         
and daily basis at JPL using data from up to 100 GPS sites  DESCRIPTION         
of the IGS and others institutions.                         DESCRIPTION         
The vertical TEC is modeled in a solar-geomagnetic          DESCRIPTION         
reference frame using bi-cubic splines on a spherical grid. DESCRIPTION         
A Kalman filter is used to solve simultaneously for         DESCRIPTION         
instrumental biases and VTEC on the grid (as stochastic     DESCRIPTION         
parameters).                                                DESCRIPTION         
Contact Address:  gpsiono@cobra.jpl.nasa.gov .              DESCRIPTION         
  2012     9    29     0     0     0                        EPOCH OF FIRST MAP  
  2012     9    30     0     0     0                        EPOCH OF LAST MAP   
  7200                                                      INTERVAL            
    13                                                      # OF MAPS IN FILE   
  NONE                                                      MAPPING FUNCTION    
    10.0                                                    ELEVATION CUTOFF    
One-way carrier phase leveled to code                       OBSERVABLES USED    
   170                                                      # OF STATIONS       
    31                                                      # OF SATELLITES     
  6371.0                                                    BASE RADIUS         
     2                                                      MAP DIMENSION       
   450.0 450.0   0.0                                        HGT1 / HGT2 / DHGT  
    87.5 -87.5  -2.5                                        LAT1 / LAT2 / DLAT  
  -180.0 180.0   5.0                                        LON1 / LON2 / DLON  
    -1                                                      EXPONENT            
TEC/RMS values in 0.1 TECU; 9999, if no value available     COMMENT             
                                                            END OF HEADER       
[from data line 4290]
    11                                                      START OF TEC MAP    
  2012     9    29    20     0     0                        EPOCH OF CURRENT MAP
    87.5-180.0 180.0   5.0 450.0                            LAT/LON1/LON2/DLON/H
  252  253  253  254  254  255  256  257  258  258  259  260  261  262  263  264
  265  266  267  268  269  270  271  271  272  273  274  275  275  276  276  277
  277  277  277  277  277  277  277  276  276  275  274  273  272  271  270  269
  268  266  265  264  263  261  260  259  258  257  256  255  254  253  252  252
  252  251  251  251  251  251  251  252  252
    85.0-180.0 180.0   5.0 450.0                            LAT/LON1/LON2/DLON/H
  237  238  240  241  243  244  246  247  249  250  252  253  255  256  258  259
  260  261  263  264  265  266  267  268  270  271  272  273  274  275  276  277
  277  278  278  278  278  278  277  276  275  273  272  270  268  266  264  262
  259  257  255  252  250  248  246  243  241  239  238  236  235  233  232  232
  231  231  231  232  232  233  234  235  237
    82.5-180.0 180.0   5.0 450.0                            LAT/LON1/LON2/DLON/H
  224  227  230  233  235  238  240  242  244  246  248  250  252  253  255  256
  257  258  259  259  260  260  260  261  261  261  262  262  263  264  265  266
  267  268  269  269  269  269  267  266  264  262  259  257  254  251  249  246
  243  240  237  234  231  229  226  223  221  218  216  214  212  211  210  209
  209  210  210  212  214  216  219  221  224
    80.0-180.0 180.0   5.0 450.0                            LAT/LON1/LON2/DLON/H
  216  220  224  228  232  235  237  240  242  245  247  250  252  255  256  258
  259  259  259  258  256  254  252  250  248  246  245  244  244  245  246  247
  249  250  251  251  251  250  249  247  244  242  239  236  233  230  226  223
  220  217  215  212  209  206  203  201  198  195  193  191  189  188  187  187
  187  188  191  194  197  202  206  211  216
    77.5-180.0 180.0   5.0 450.0                            LAT/LON1/LON2/DLON/H
  210  216  222  227  231  234  237  240  243  247  251  255  259  263  266  268
  269  268  266  263  258  252  246  239  233  228  224  222  220  220  221  223
  224  226  227  227  227  225  224  221  218  216  212  209  206  203  200  198
  195  193  190  188  186  183  181  179  176  173  171  169  167  166  165  165
  167  169  172  177  183  189  196  203  210
    75.0-180.0 180.0   5.0 450.0                            LAT/LON1/LON2/DLON/H
  207  215  222  228  232  236  240  244  249  254  260  267  274  279  284  286
  287  285  280  273  265  254  243  232  221  212  205  201  198  197  197  199
  200  202  202  202  201  199  197  194  191  188  184  181  179  176  174  172
  170  169  167  166  164  162  160  158  156  154  152  150  148  147  146  147
  148  151  156  163  170  179  189  198  207
    72.5-180.0 180.0   5.0 450.0                            LAT/LON1/LON2/DLON/H
  207  217  226  232  238  243  247  253  259  267  277  286  295  303  308  310
  309  305  298  288  276  261  245  229  214  202  193  187  184  183  183  183
  184  184  183  182  179  176  172  169  165  161  158  156  154  152  151  149
  148  148  147  146  144  143  142  140  138  137  135  133  132  131  131  131
  133  137  142  150  160  171  184  196  207
    70.0-180.0 180.0   5.0 450.0                            LAT/LON1/LON2/DLON/H
  211  223  234  242  249  255  260  267  276  287  298  310  321  329  334  335
  333  328  319  306  290  272  253  233  216  201  191  186  184  183  183  182
  180  177  173  169  164  159  154  149  145  141  138  135  133  132  131  131
  130  130  129  128  127  126  125  124  123  122  121  120  119  118  118  119
  121  125  132  141  153  167  182  197  211
    67.5-180.0 180.0   5.0 450.0                            LAT/LON1/LON2/DLON/H
  219  235  248  259  267  274  280  287  297  309  323  336  348  356  360  361
  358  351  340  325  308  288  267  246  228  213  204  200  200  200  199  196
  190  182  173  165  157  149  142  136  131  127  124  121  119  118  117  117
  116  116  115  114  113  112  111  110  109  109  108  109  109  109  110  111
  114  119  127  138  151  167  185  202  219
    65.0-180.0 180.0   5.0 450.0                            LAT/LON1/LON2/DLON/H
  233  252  268  281  290  298  304  312  322  334  348  362  373  381  385  385
  381  373  361  346  328  309  289  269  252  239  231  228  228  228  226  219
  209  196  182  168  156  146  138  131  125  120  117  114  112  110  110  109
  108  107  106  104  102  100   99   98   98   98   99  100  102  104  106  109
  114  120  128  140  156  174  193  213  233
    62.5-180.0 180.0   5.0 450.0                            LAT/LON1/LON2/DLON/H
  252  272  291  306  317  324  330  337  346  358  372  385  396  404  408  408
  402  393  381  366  350  332  315  298  283  272  265  263  262  261  257  246
  231  213  194  176  161  149  139  131  125  121  117  114  112  111  109  108
  106  104  102   98   95   92   90   89   89   90   93   96   99  103  107  112
  118  126  137  150  167  186  208  230  252
    60.0-180.0 180.0   5.0 450.0                            LAT/LON1/LON2/DLON/H
  273  295  315  331  343  350  356  362  370  380  392  405  416  424  428  427
  421  411  399  385  371  356  341  327  315  306  300  297  295  291  283  269
  250  228  206  185  168  155  144  136  130  126  124  122  120  119  117  114
  111  107  102   97   92   88   85   84   84   86   90   95  100  106  112  119
  127  137  149  165  183  204  227  250  273
    57.5-180.0 180.0   5.0 450.0                            LAT/LON1/LON2/DLON/H
  295  318  338  355  366  374  379  384  390  399  410  421  432  441  445  443
  436  425  413  400  388  376  364  353  343  336  330  325  319  311  299  282
  261  237  214  193  175  162  152  144  139  136  135  135  134  133  129  125
  120  114  108  101   94   89   85   84   84   87   92   98  105  112  119  128
  137  149  163  181  201  223  247  271  295
    55.0-180.0 180.0   5.0 450.0                            LAT/LON1/LON2/DLON/H
  313  336  357  373  385  393  398  402  408  415  424  434  445  454  458  456
  447  434  421  409  398  388  378  369  362  355  349  342  332  320  304  285
  264  240  218  198  181  169  160  154  150  149  150  151  151  149  145  140
  133  126  118  109  101   95   90   89   90   93   99  106  113  120  128  136
  147  160  176  194  216  239  264  289  313
    52.5-180.0 180.0   5.0 450.0                            LAT/LON1/LON2/DLON/H
  326  350  370  387  399  407  413  417  422  428  435  444  455  465  469  465
  454  440  425  413  403  393  385  377  370  365  358  349  336  320  302  281
  259  237  217  199  186  176  168  163  161  161  164  167  167  165  161  156
  149  140  131  122  113  105  100   98  100  104  110  117  124  130  136  144
  154  167  183  203  225  250  276  301  326
    50.0-180.0 180.0   5.0 450.0                            LAT/LON1/LON2/DLON/H
  331  356  377  395  407  416  423  429  434  438  443  451  462  472  476  471
  459  443  428  415  404  395  386  379  373  369  362  352  336  317  295  272
  250  230  212  198  187  180  175  171  170  172  175  179  180  178  175  170
  164  156  146  136  126  118  113  111  112  116  122  129  135  140  144  150
  158  171  187  206  228  253  279  305  331
    47.5-180.0 180.0   5.0 450.0                            LAT/LON1/LON2/DLON/H
  328  354  378  397  411  421  430  438  443  446  448  455  466  477  482  477
  464  448  431  418  406  396  388  381  376  372  366  355  336  313  288  263
  240  220  205  194  187  183  179  176  175  178  182  185  186  184  183  181
  177  170  161  150  140  131  125  122  123  127  133  139  145  149  151  154
  161  172  186  205  226  250  275  301  328
    45.0-180.0 180.0   5.0 450.0                            LAT/LON1/LON2/DLON/H
  320  348  374  394  409  420  431  442  450  452  454  459  469  480  486  483
  471  455  439  424  412  402  394  387  382  379  374  362  341  314  284  256
  231  212  198  190  186  184  181  177  176  178  183  186  187  186  186  187
  186  181  172  161  150  141  134  131  131  134  140  146  152  154  156  157
  162  171  185  203  223  245  268  294  320
    42.5-180.0 180.0   5.0 450.0                            LAT/LON1/LON2/DLON/H
  314  341  368  389  402  414  428  443  455  458  459  463  472  483  491  490
  482  468  452  438  426  416  407  400  396  394  388  375  351  319  285  253
  226  206  194  188  185  183  179  173  172  176  182  185  185  184  185  188
  189  186  177  166  155  145  139  135  135  137  141  147  153  157  158  160
  163  171  184  202  221  242  264  288  314
    40.0-180.0 180.0   5.0 450.0                            LAT/LON1/LON2/DLON/H
  312  339  364  384  395  405  421  442  459  466  468  471  478  488  497  500
  495  484  470  456  444  435  427  420  416  413  407  391  363  328  291  257
  229  208  195  189  187  184  177  169  167  172  181  185  185  182  182  183
  185  183  176  166  155  147  140  137  135  136  139  145  151  156  159  161
  165  172  186  204  225  245  266  288  312
    37.5-180.0 180.0   5.0 450.0                            LAT/LON1/LON2/DLON/H
  320  344  366  382  389  397  414  440  463  476  481  484  489  497  506  513
  512  503  491  477  466  457  450  443  438  434  426  408  376  338  299  267
  240  220  206  198  195  189  180  170  167  173  183  189  189  183  178  176
  178  178  173  164  155  147  141  137  134  134  136  140  147  153  159  162
  166  174  189  211  234  257  278  298  320
    35.0-180.0 180.0   5.0 450.0                            LAT/LON1/LON2/DLON/H
  338  359  376  386  387  391  409  439  468  488  497  501  503  509  519  528
  531  525  513  500  488  480  473  466  460  455  444  422  387  347  311  283
  263  244  228  218  212  204  191  179  175  181  192  199  199  190  178  171
  172  174  172  165  157  150  145  140  136  133  133  136  142  150  157  162
  166  175  193  219  247  274  297  318  338
    32.5-180.0 180.0   5.0 450.0                            LAT/LON1/LON2/DLON/H
  362  380  393  397  393  392  407  439  473  500  515  520  521  525  536  547
  552  548  536  521  508  499  493  486  479  471  456  430  394  355  326  309
  297  281  265  252  243  232  216  202  196  200  209  216  216  204  187  175
  175  178  178  173  166  160  154  148  141  136  133  134  139  147  154  160
  164  175  197  228  261  292  319  342  362
    30.0-180.0 180.0   5.0 450.0                            LAT/LON1/LON2/DLON/H
  388  405  414  414  404  398  410  440  477  510  532  541  542  545  556  569
  575  571  558  540  524  515  509  503  495  484  465  438  402  369  349  345
  344  334  318  304  291  276  258  240  230  229  234  239  239  227  207  193
  191  195  196  192  185  177  168  160  150  142  135  133  136  143  150  155
  161  175  200  235  273  309  341  367  388
    27.5-180.0 180.0   5.0 450.0                            LAT/LON1/LON2/DLON/H
  413  430  438  435  422  412  418  444  480  517  546  561  566  569  580  593
  599  595  580  559  539  528  522  516  508  495  476  449  418  393  385  394
  405  403  390  374  356  335  311  290  274  266  264  267  268  258  241  228
  225  226  224  218  208  197  185  173  161  149  139  134  135  140  146  150
  157  173  201  240  281  321  358  388  413
    25.0-180.0 180.0   5.0 450.0                            LAT/LON1/LON2/DLON/H
  432  453  462  459  446  434  435  454  486  525  560  582  592  599  608  619
  623  617  601  576  553  539  533  527  520  509  491  468  446  433  439  462
  483  487  476  456  432  402  372  345  324  308  299  298  301  297  284  273
  268  263  254  243  229  214  198  183  169  155  142  134  133  137  141  144
  152  170  201  242  285  328  368  403  432
    22.5-180.0 180.0   5.0 450.0                            LAT/LON1/LON2/DLON/H
  447  472  485  485  476  464  462  474  502  540  578  607  624  633  641  647
  647  639  621  594  567  550  542  537  532  526  515  502  492  494  514  545
  569  574  562  539  507  469  433  402  376  353  335  330  332  333  326  317
  308  295  278  260  242  222  203  186  172  157  142  132  130  134  137  139
  146  167  201  242  286  331  374  413  447
    20.0-180.0 180.0   5.0 450.0                            LAT/LON1/LON2/DLON/H
  458  489  507  513  511  505  503  511  532  566  606  639  662  673  678  679
  674  662  642  614  584  562  551  547  547  548  549  549  553  569  597  629
  649  650  634  608  570  527  488  455  425  395  369  356  355  357  354  348
  334  311  285  261  238  216  196  180  168  155  140  129  127  131  133  134
  142  165  199  240  285  331  376  419  458
    17.5-180.0 180.0   5.0 450.0                            LAT/LON1/LON2/DLON/H
  467  503  528  541  548  553  558  566  583  610  646  681  708  721  722  716
  705  688  666  638  605  578  564  560  565  576  589  602  619  644  675  699
  707  698  678  649  610  568  532  500  468  431  395  371  363  362  359  352
  334  304  272  244  220  198  181  168  160  150  136  125  124  129  130  130
  138  162  198  238  282  329  377  423  467
    15.0-180.0 180.0   5.0 450.0                            LAT/LON1/LON2/DLON/H
  474  514  545  566  583  599  615  630  647  670  701  734  763  776  774  762
  745  723  699  669  633  602  584  580  589  609  632  654  679  708  733  739
  728  706  681  653  622  590  562  535  501  456  408  370  350  340  333  326
  308  276  243  215  193  175  162  155  152  146  133  123  123  128  129  127
  136  161  196  235  279  327  377  427  474
    12.5-180.0 180.0   5.0 450.0                            LAT/LON1/LON2/DLON/H
  479  522  557  584  608  635  664  691  714  736  763  795  824  839  836  820
  797  770  743  711  671  636  615  611  622  646  674  699  725  750  758  738
  703  670  646  627  610  593  580  559  522  468  405  350  315  295  286  281
  267  238  208  184  165  152  145  145  148  146  135  125  124  128  128  126
  135  160  195  234  276  325  378  430  479
    10.0-180.0 180.0   5.0 450.0                            LAT/LON1/LON2/DLON/H
  483  528  565  593  618  651  694  737  771  797  822  852  882  900  902  887
  861  831  800  765  722  683  661  656  666  687  712  732  751  763  750  704
  647  608  588  580  579  581  584  572  530  463  387  319  271  243  233  231
  223  202  177  158  145  139  138  144  152  153  144  133  130  130  128  126
  134  160  196  234  276  326  381  434  483
     7.5-180.0 180.0   5.0 450.0                            LAT/LON1/LON2/DLON/H
  488  532  569  594  612  642  694  755  806  841  868  897  927  951  959  950
  926  896  864  826  782  742  719  713  718  731  744  753  760  759  726  655
  581  538  523  526  537  557  578  574  528  451  366  289  235  202  191  193
  191  177  160  147  139  137  142  152  164  167  159  146  138  134  129  126
  136  162  197  236  279  330  385  439  488
     5.0-180.0 180.0   5.0 450.0                            LAT/LON1/LON2/DLON/H
  493  537  573  592  598  617  672  746  813  860  892  919  949  977  995  994
  976  951  920  883  840  802  780  773  772  773  772  766  760  746  698  610
  524  479  469  476  494  526  563  570  523  441  352  275  219  187  177  181
  182  172  159  149  144  146  154  167  180  184  176  161  149  139  131  128
  138  164  201  242  287  337  392  445  493
     2.5-180.0 180.0   5.0 450.0                            LAT/LON1/LON2/DLON/H
  501  545  579  591  583  591  642  723  800  856  890  912  937  969  995 1005
  998  981  957  924  885  852  833  825  817  808  793  773  757  735  679  584
  494  449  437  441  457  494  545  565  521  440  356  288  239  210  198  197
  194  183  171  161  157  159  169  183  196  200  191  175  158  144  134  131
  142  168  206  250  297  347  400  452  501
