ionex_esag_emptyfiles/esag2720.12i
     1.0            IONOSPHERE MAPS     GPS                 IONEX VERSION / TYPE
GIM V3.0            JPL - GNISD         01-oct-2012 05:29   PGM / RUN BY / DATE 
JPL'S GLOBAL IONOSPHERE MAPS YEAR 2012 DAY 272              COMMENT             
Global Ionospheric Maps (GIM) are generated on an hourly    DESCRIPTION         
and daily basis at JPL using data from up to 100 GPS sites  DESCRIPTION         
of the IGS and others institutions.                         DESCRIPTION         
The vertical TEC is modeled in a solar-geomagnetic          DESCRIPTION         
reference frame using bi-cubic splines on a spherical grid. DESCRIPTION         
A Kalman filter is used to solve simultaneously for         DESCRIPTION         
instrumental biases and VTEC on the grid (as stochastic     DESCRIPTION         
parameters).                                                DESCRIPTION         
Contact Address:  gpsiono@cobra.jpl.nasa.gov .              DESCRIPTION         
  2012     9    28     0     0     0                        EPOCH OF FIRST MAP  
  2012     9    29     0     0     0                        EPOCH OF LAST MAP   
  7200                                                      INTERVAL            
    13                                                      # OF MAPS IN FILE   
  NONE                                                      MAPPING FUNCTION    
    10.0                                                    ELEVATION CUTOFF    
One-way carrier phase leveled to code                       OBSERVABLES USED    
   170                                                      # OF STATIONS       
    31                                                      # OF SATELLITES     
  6371.0                                                    BASE RADIUS         
     2                                                      MAP DIMENSION       
   450.0 450.0   0.0                                        HGT1 / HGT2 / DHGT  
    87.5 -87.5  -2.5                                        LAT1 / LAT2 / DLAT  
  -180.0 180.0   5.0                                        LON1 / LON2 / DLON  
    -1                                                      EXPONENT            
TEC/RMS values in 0.1 TECU; 9999, if no value available     COMMENT             
                                                            END OF HEADER       
[from data line 2574]
     7                                                      START OF TEC MAP    
  2012     9    28    12     0     0                        EPOCH OF CURRENT MAP
    87.5-180.0 180.0   5.0 450.0                            LAT/LON1/LON2/DLON/H
  145  145  145  145  145  145  145  146  146  146  147  147  148  148  149  150
  150  151  152  153  155  156  157  158  160  161  163  164  165  167  168  169
  170  171  172  173  173  174  174  174  174  174  173  173  172  171  170  169
  168  166  165  164  162  161  159  158  157  155  154  153  152  151  150  149
  149  148  147  147  146  146  146  146  145
    85.0-180.0 180.0   5.0 450.0                            LAT/LON1/LON2/DLON/H
  139  139  139  139  139  139  139  139  139  139  140  140  141  142  143  144
  145  147  148  150  153  155  158  160  164  167  170  173  177  180  183  186
  189  191  193  195  196  197  198  198  197  197  195  194  192  190  187  185
  182  179  176  172  169  166  163  160  158  155  153  151  149  147  146  145
  144  143  142  141  141  140  140  139  139
    82.5-180.0 180.0   5.0 450.0                            LAT/LON1/LON2/DLON/H
  135  134  134  133  133  132  132  132  133  133  134  134  135  136  138  139
  141  143  145  148  151  155  159  164  169  174  179  185  191  196  201  206
  211  215  218  221  223  224  225  225  224  223  220  218  215  211  207  202
  198  193  188  183  178  174  169  165  161  157  154  151  149  146  145  143
  141  140  139  138  137  137  136  135  135
    80.0-180.0 180.0   5.0 450.0                            LAT/LON1/LON2/DLON/H
  130  128  127  126  126  126  126  126  127  128  129  131  132  134  135  137
  139  142  145  148  152  157  163  169  176  184  192  200  207  215  222  229
  235  240  244  248  251  252  253  253  252  249  246  243  238  233  227  221
  215  208  202  196  190  184  178  173  168  163  159  156  153  150  147  145
  143  141  139  137  135  134  133  131  130
    77.5-180.0 180.0   5.0 450.0                            LAT/LON1/LON2/DLON/H
  124  122  120  119  118  119  119  121  123  125  128  130  132  134  136  139
  141  144  147  151  157  163  170  178  187  197  207  216  226  235  243  251
  257  263  268  272  275  278  279  279  277  275  271  266  260  254  247  240
  232  225  218  211  204  198  192  186  181  176  171  167  163  159  155  151
  147  143  140  136  133  131  128  126  124
    75.0-180.0 180.0   5.0 450.0                            LAT/LON1/LON2/DLON/H
  117  115  113  112  112  112  114  117  120  124  127  130  133  135  138  140
  143  146  151  157  163  171  180  190  201  212  223  234  244  253  262  269
  276  281  286  291  294  297  299  300  299  296  292  287  280  273  265  257
  249  241  234  227  220  214  208  203  198  193  188  183  178  172  166  160
  153  147  141  136  131  127  123  120  117
    72.5-180.0 180.0   5.0 450.0                            LAT/LON1/LON2/DLON/H
  111  109  107  106  106  108  110  114  118  122  125  128  131  133  135  139
  143  148  154  162  171  181  191  203  214  226  238  248  258  266  274  280
  286  291  297  302  306  310  313  314  314  312  308  302  296  288  280  271
  263  256  249  242  237  231  226  221  216  211  206  200  194  186  178  169
  159  150  142  134  128  123  118  114  111
    70.0-180.0 180.0   5.0 450.0                            LAT/LON1/LON2/DLON/H
  107  104  102  101  101  103  106  110  114  118  120  122  124  125  128  133
  139  146  155  165  176  188  200  212  225  237  248  257  265  271  277  282
  287  293  299  305  311  316  321  323  324  323  319  314  307  299  291  283
  275  268  262  256  251  246  242  237  232  227  221  215  207  198  187  176
  165  153  143  134  126  120  115  111  107
    67.5-180.0 180.0   5.0 450.0                            LAT/LON1/LON2/DLON/H
  105  102   99   97   97   99  101  105  108  110  111  112  112  114  117  122
  129  139  151  164  178  191  204  217  229  240  249  257  263  267  272  276
  282  288  296  304  311  318  324  328  330  329  326  321  314  307  299  291
  284  278  272  267  262  258  253  249  243  237  231  223  214  204  193  181
  169  156  145  135  126  119  114  109  105
    65.0-180.0 180.0   5.0 450.0                            LAT/LON1/LON2/DLON/H
  106  102   99   96   94   94   95   97   99  100  100  100   99  100  102  108
  116  127  141  157  173  188  202  214  225  235  243  250  255  259  263  268
  274  282  291  301  310  319  326  331  333  333  331  327  320  314  306  299
  291  285  279  274  269  264  259  253  247  240  232  224  214  204  193  182
  171  160  149  139  130  122  116  111  106
    62.5-180.0 180.0   5.0 450.0                            LAT/LON1/LON2/DLON/H
  111  107  102   97   93   90   89   89   89   89   89   87   86   86   87   93
  101  114  129  147  165  181  195  207  217  226  233  239  245  250  255  261
  270  280  291  301  311  320  328  334  337  338  336  332  327  320  313  306
  298  291  284  278  273  267  261  254  246  238  229  220  210  200  191  182
  174  166  157  147  137  128  121  116  111
    60.0-180.0 180.0   5.0 450.0                            LAT/LON1/LON2/DLON/H
  121  116  109  102   95   89   85   83   81   80   79   78   76   74   75   79
   88  101  118  137  156  173  186  197  207  216  224  231  238  245  253  263
  274  286  297  307  316  324  331  337  342  343  343  340  335  329  322  313
  305  296  289  282  276  269  262  253  244  235  226  216  207  198  191  185
  180  175  168  158  148  138  130  125  121
    57.5-180.0 180.0   5.0 450.0                            LAT/LON1/LON2/DLON/H
  135  130  122  112  101   92   85   80   77   76   74   72   70   67   67   71
   78   92  109  129  149  166  180  190  200  209  219  229  239  251  263  275
  288  299  309  317  324  331  338  344  349  352  353  351  347  340  332  322
  313  303  294  286  279  272  264  254  245  235  226  218  210  202  196  192
  190  187  182  172  160  150  142  138  135
    55.0-180.0 180.0   5.0 450.0                            LAT/LON1/LON2/DLON/H
  151  146  138  126  114  101   91   84   79   76   74   72   69   66   65   67
   75   88  106  127  147  165  178  189  199  211  223  236  251  266  281  295
  307  317  325  331  335  340  346  352  358  363  365  364  360  352  343  332
  321  311  301  293  285  277  269  260  251  243  235  229  223  216  210  206
  204  202  197  186  174  163  156  153  151
    52.5-180.0 180.0   5.0 450.0                            LAT/LON1/LON2/DLON/H
  167  164  155  143  129  115  104   95   88   84   80   77   73   69   67   69
   76   89  108  130  151  169  183  194  206  219  234  250  268  286  303  317
  328  336  341  344  347  351  357  364  370  375  378  378  373  365  355  343
  331  320  310  302  295  287  279  270  262  255  251  248  244  238  231  226
  222  218  212  201  188  177  170  168  167
    50.0-180.0 180.0   5.0 450.0                            LAT/LON1/LON2/DLON/H
  182  179  170  158  144  131  120  110  103   97   92   87   81   76   73   74
   81   94  114  136  159  178  192  204  216  231  248  268  288  307  324  337
  345  350  352  354  357  363  370  377  384  389  392  391  386  378  366  353
  340  330  322  314  307  299  290  282  274  269  267  266  264  259  252  245
  238  233  225  213  200  189  184  182  182
    47.5-180.0 180.0   5.0 450.0                            LAT/LON1/LON2/DLON/H
  191  188  180  169  157  145  135  126  119  113  108  101   94   86   81   81
   87  101  122  145  169  188  203  216  229  245  264  284  305  324  339  350
  355  356  357  360  367  376  386  395  402  405  405  403  398  390  378  364
  352  342  335  328  321  312  303  293  284  278  276  276  276  273  265  257
  250  243  234  223  211  200  194  192  191
    45.0-180.0 180.0   5.0 450.0                            LAT/LON1/LON2/DLON/H
  195  191  183  173  163  155  147  141  135  130  124  117  108   99   91   89
   95  109  130  155  179  199  214  227  241  258  276  296  315  333  346  355
  357  358  359  366  377  391  405  416  422  423  420  416  411  403  392  378
  366  357  350  343  335  325  314  301  289  278  272  271  271  269  265  259
  252  246  238  228  217  207  201  198  195
    42.5-180.0 180.0   5.0 450.0                            LAT/LON1/LON2/DLON/H
  193  187  179  170  163  157  153  149  146  143  138  132  123  112  102   97
  102  117  139  164  188  208  224  238  251  267  284  302  320  336  348  355
  357  358  362  373  390  410  429  443  448  445  438  432  427  421  410  398
  385  376  368  360  349  337  323  307  287  268  255  248  245  245  246  245
  244  241  235  227  218  209  202  197  193
    40.0-180.0 180.0   5.0 450.0                            LAT/LON1/LON2/DLON/H
  185  178  170  162  157  153  151  150  150  150  149  144  136  124  112  106
  110  125  147  172  196  216  232  246  259  273  288  305  321  335  346  353
  357  360  368  385  409  435  458  475  480  474  463  455  451  446  437  424
  411  400  390  380  368  355  339  317  290  262  239  223  216  216  220  225
  229  230  227  221  213  205  197  191  185
    37.5-180.0 180.0   5.0 450.0                            LAT/LON1/LON2/DLON/H
  171  164  156  150  146  145  144  145  148  151  154  153  146  135  122  114
  117  132  154  178  202  222  238  252  265  278  291  305  319  333  345  354
  361  369  383  406  436  467  495  513  518  510  497  488  485  481  473  459
  444  431  421  410  399  387  370  345  311  274  242  217  203  200  205  213
  219  223  222  216  207  196  187  178  171
    35.0-180.0 180.0   5.0 450.0                            LAT/LON1/LON2/DLON/H
  156  147  140  136  134  134  135  137  141  148  154  157  153  143  130  121
  123  138  159  184  207  227  243  257  270  282  293  305  318  332  346  359
  371  386  408  439  475  510  539  558  563  554  541  533  530  527  518  503
  487  474  464  458  451  442  427  401  362  320  282  250  227  217  216  220
  225  229  228  220  207  192  178  166  156
    32.5-180.0 180.0   5.0 450.0                            LAT/LON1/LON2/DLON/H
  146  134  126  122  121  122  124  127  132  141  151  157  156  149  137  128
  129  142  163  187  211  231  247  261  274  285  295  305  318  334  352  369
  389  413  446  488  529  565  593  610  613  605  594  587  585  581  572  556
  539  528  525  528  531  530  520  495  456  414  374  338  308  286  269  259
  256  259  255  242  222  200  180  161  146
    30.0-180.0 180.0   5.0 450.0                            LAT/LON1/LON2/DLON/H
  148  130  118  112  111  113  115  117  123  133  145  153  156  151  141  133
  134  145  165  190  215  235  251  265  278  289  298  308  322  341  362  386
  413  450  500  556  603  636  656  667  666  658  649  644  644  641  632  616
  601  595  604  623  641  650  644  620  581  542  507  471  434  398  361  331
  317  316  310  289  260  229  199  172  148
    27.5-180.0 180.0   5.0 450.0                            LAT/LON1/LON2/DLON/H
  169  141  121  110  106  106  108  109  114  124  136  146  150  149  142  135
  136  146  166  192  218  238  253  267  281  293  302  313  329  352  378  408
  445  498  570  645  696  717  724  722  716  708  702  701  703  703  696  683
  670  670  693  729  761  778  774  747  707  673  644  611  570  522  465  416
  392  390  384  359  322  283  243  204  169
    25.0-180.0 180.0   5.0 450.0                            LAT/LON1/LON2/DLON/H
  212  171  139  118  109  106  105  104  107  114  124  134  140  141  138  134
  135  146  166  193  220  240  255  269  284  298  309  322  343  370  401  437
  484  555  651  744  792  797  783  767  755  747  747  751  758  762  759  748
  736  740  775  824  866  886  879  846  804  772  749  722  680  624  553  491
  463  463  460  435  395  352  307  259  212
    22.5-180.0 180.0   5.0 450.0                            LAT/LON1/LON2/DLON/H
  269  216  171  139  120  111  107  103  102  106  113  120  125  129  130  130
  132  143  164  193  221  241  256  270  286  302  316  335  362  395  430  471
  526  611  728  832  873  857  821  793  776  772  778  790  803  812  812  802
  790  795  833  888  932  948  933  889  839  807  788  766  727  671  600  536
  511  517  520  498  462  421  376  325  269
    20.0-180.0 180.0   5.0 450.0                            LAT/LON1/LON2/DLON/H
  326  266  211  168  141  125  115  107  101  100  102  105  109  114  119  123
  127  139  162  193  222  242  256  270  288  306  326  352  387  425  463  507
  566  659  785  892  920  880  824  788  775  780  796  817  836  848  849  837
  821  821  855  902  935  940  912  854  794  758  741  722  690  642  583  534
  520  534  545  532  505  474  435  385  326
    17.5-180.0 180.0   5.0 450.0                            LAT/LON1/LON2/DLON/H
  370  307  247  197  163  142  128  116  106   98   94   93   95  100  108  114
  121  134  159  192  222  242  256  271  290  311  336  371  415  457  496  539
  599  690  811  904  912  852  787  757  757  776  803  831  854  865  861  843
  820  811  831  862  880  872  832  763  693  653  636  621  594  560  523  494
  492  511  527  524  511  494  468  426  370
    15.0-180.0 180.0   5.0 450.0                            LAT/LON1/LON2/DLON/H
  388  331  271  220  184  160  143  128  114  101   91   85   84   89   98  107
  114  129  157  191  221  241  256  273  293  317  348  391  441  487  526  566
  620  699  799  865  852  785  727  713  733  767  803  834  854  858  845  819
  789  773  779  792  793  773  725  648  572  528  512  499  480  461  448  442
  450  469  483  485  482  478  465  435  388
    12.5-180.0 180.0   5.0 450.0                            LAT/LON1/LON2/DLON/H
  376  328  276  230  196  172  155  139  123  106   92   81   78   83   93  100
  108  124  154  190  221  242  258  276  298  325  361  409  464  511  547  582
  627  689  758  793  766  704  663  673  714  762  801  828  839  832  808  776
  745  726  720  716  704  676  623  543  465  421  406  396  384  379  388  401
  414  427  434  435  436  440  436  414  376
    10.0-180.0 180.0   5.0 450.0                            LAT/LON1/LON2/DLON/H
  347  306  262  225  197  177  161  146  129  111   94   81   76   82   90   96
  103  121  153  189  220  243  262  282  306  335  374  426  482  528  561  590
  625  669  708  715  681  634  619  654  714  767  801  816  814  796  765  730
  701  684  673  660  641  610  558  481  407  365  354  349  343  349  372  396
  406  407  401  394  393  397  396  379  347
     7.5-180.0 180.0   5.0 450.0                            LAT/LON1/LON2/DLON/H
  314  278  241  211  190  174  160  146  132  114   96   82   77   83   90   93
  100  119  152  189  221  246  268  291  317  348  389  440  495  539  569  593
  620  647  662  651  620  599  615  670  735  781  802  801  787  760  726  694
  674  664  657  644  624  594  545  473  405  369  361  361  363  378  409  435
  440  427  404  381  368  366  361  343  314
     5.0-180.0 180.0   5.0 450.0                            LAT/LON1/LON2/DLON/H
  289  254  221  196  179  165  152  140  128  114   97   84   79   84   90   91
   97  119  153  190  223  250  276  302  329  362  403  452  503  545  573  594
  615  632  634  619  605  611  648  708  766  798  801  785  761  732  703  682
  674  675  673  665  648  620  573  508  447  415  410  414  422  443  477  503
  502  477  439  401  374  359  344  320  289
     2.5-180.0 180.0   5.0 450.0                            LAT/LON1/LON2/DLON/H
  283  245  211  187  170  157  143  131  122  111   97   84   81   85   89   90
   96  120  156  193  227  257  286  314  342  375  415  461  508  547  575  595
  614  626  627  620  623  649  697  752  794  807  793  766  740  717  700  694
  698  706  711  709  698  672  630  573  518  487  481  487  498  521  555  577
  571  539  490  439  400  374  351  319  283
