ionex_esag_emptyfiles/esag2730.12i
     1.0            IONOSPHERE MAPS     GPS                 IONEX VERSION / TYPE
GIM V3.0            JPL - GNISD         02-oct-2012 05:41   PGM / RUN BY / DATE 
JPL'S GLOBAL IONOSPHERE MAPS YEAR 2012 DAY 273              COMMENT             
Global Ionospheric Maps (GIM) are generated on an hourly    DESCRIPTION         
and daily basis at JPL using data from up to 100 GPS sites  DESCRIPTION         
of the IGS and others institutions.                         DESCRIPTION         
The vertical TEC is modeled in a solar-geomagnetic          DESCRIPTION         
reference frame using bi-cubic splines on a spherical grid. DESCRIPTION         
A Kalman filter is used to solve simultaneously for         DESCRIPTION         
instrumental biases and VTEC on the grid (as stochastic     DESCRIPTION         
parameters).                                                DESCRIPTION         
Contact Address:  gpsiono@cobra.jpl.nasa.gov .              DESCRIPTION         
  2012     9    29     0     0     0                        EPOCH OF FIRST MAP  
  2012     9    30     0     0     0                        EPOCH OF LAST MAP   
  7200                                                      INTERVAL            
    13                                                      # OF MAPS IN FILE   
  NONE                                                      MAPPING FUNCTION    
    10.0                                                    ELEVATION CUTOFF    
One-way carrier phase leveled to code                       OBSERVABLES USED    
   170                                                      # OF STATIONS       
    31                                                      # OF SATELLITES     
  6371.0                                                    BASE RADIUS         
     2                                                      MAP DIMENSION       
   450.0 450.0   0.0                                        HGT1 / HGT2 / DHGT  
    87.5 -87.5  -2.5                                        LAT1 / LAT2 / DLAT  
  -180.0 180.0   5.0                                        LON1 / LON2 / DLON  
    -1                                                      EXPONENT            
TEC/RMS values in 0.1 TECU; 9999, if no value available     COMMENT             
                                                            END OF HEADER       
[from data line 4719]
    12                                                      START OF TEC MAP    
  2012     9    29    22     0     0                        EPOCH OF CURRENT MAP
    87.5-180.0 180.0   5.0 450.0                            LAT/LON1/LON2/DLON/H
  246  247  249  250  252  253  254  255  256  257  257  258  258  258  258  258
  258  258  257  257  256  256  255  254  253  252  252  251  250  249  248  246
  245  244  243  242  240  239  237  236  234  232  231  229  228  226  225  224
  223  222  221  220  220  220  220  220  221  222  222  224  225  226  228  229
  231  233  235  237  238  240  242  244  246
    85.0-180.0 180.0   5.0 450.0                            LAT/LON1/LON2/DLON/H
  248  251  254  257  260  262  264  266  267  269  270  270  271  271  270  270
  269  268  267  265  264  262  261  259  258  257  255  254  253  252  251  250
  249  247  246  244  242  239  237  234  231  227  224  220  216  213  209  206
  203  200  198  196  195  194  194  195  196  197  199  202  205  208  211  215
  219  223  227  230  234  238  242  245  248
    82.5-180.0 180.0   5.0 450.0                            LAT/LON1/LON2/DLON/H
  248  253  257  261  265  269  272  275  278  280  281  282  282  282  281  279
  277  274  272  269  266  263  260  257  255  254  252  251  250  250  249  248
  247  246  245  243  241  238  235  231  227  222  217  212  206  201  195  189
  184  179  175  172  169  168  167  168  170  172  176  179  184  189  194  200
  206  212  217  223  228  233  238  243  248
    80.0-180.0 180.0   5.0 450.0                            LAT/LON1/LON2/DLON/H
  246  252  258  264  270  275  280  285  289  292  294  296  295  294  292  288
  284  279  274  268  262  257  252  248  244  242  240  239  238  237  237  237
  236  235  234  233  230  228  225  221  217  213  207  201  195  188  181  174
  167  161  155  150  147  144  144  144  147  150  154  159  165  171  178  185
  193  200  207  214  221  227  234  240  246
    77.5-180.0 180.0   5.0 450.0                            LAT/LON1/LON2/DLON/H
  243  251  259  266  274  282  289  296  301  306  309  310  310  308  304  298
  291  282  273  263  254  245  237  230  225  222  219  218  218  218  218  218
  218  217  216  214  212  209  206  203  200  196  191  186  180  173  166  159
  151  145  139  134  130  128  127  127  130  133  138  143  149  156  164  172
  180  188  196  204  213  220  228  236  243
    75.0-180.0 180.0   5.0 450.0                            LAT/LON1/LON2/DLON/H
  243  252  261  270  280  289  298  307  314  320  324  326  326  322  316  307
  296  283  269  255  241  229  217  208  201  197  194  194  194  195  196  197
  197  196  193  191  188  185  182  180  177  175  171  167  163  157  151  144
  138  133  128  124  120  118  117  118  120  123  127  132  137  144  152  160
  168  177  187  196  206  215  224  234  243
    72.5-180.0 180.0   5.0 450.0                            LAT/LON1/LON2/DLON/H
  245  255  266  277  288  298  309  319  328  335  341  343  341  336  327  314
  299  282  264  247  230  213  198  186  178  173  171  171  172  174  175  176
  175  173  170  166  163  159  157  155  154  152  150  148  145  141  136  131
  127  123  120  117  115  114  113  113  115  117  120  124  129  135  142  151
  160  169  180  191  202  213  224  235  245
    70.0-180.0 180.0   5.0 450.0                            LAT/LON1/LON2/DLON/H
  252  263  275  286  297  309  320  332  342  351  357  359  356  349  336  321
  303  284  264  245  224  204  186  172  162  157  155  155  157  159  160  159
  157  153  149  144  140  137  134  133  133  133  133  131  129  126  123  119
  117  114  113  112  111  111  111  111  112  114  117  120  124  130  137  145
  155  166  178  191  204  216  229  240  252
    67.5-180.0 180.0   5.0 450.0                            LAT/LON1/LON2/DLON/H
  263  275  286  298  309  321  332  344  355  365  371  373  369  360  346  329
  310  292  273  252  229  206  186  170  160  155  154  154  155  155  154  151
  146  140  134  128  123  119  118  118  119  120  121  120  118  116  113  110
  109  107  107  107  107  108  108  109  110  112  114  118  123  129  137  146
  157  170  183  197  211  225  238  251  263
    65.0-180.0 180.0   5.0 450.0                            LAT/LON1/LON2/DLON/H
  278  289  301  312  322  333  344  356  367  376  383  384  380  370  356  339
  323  308  291  272  249  224  203  186  176  171  168  166  165  162  157  151
  143  134  125  118  113  110  109  110  112  114  116  115  114  111  109  106
  104  103  101  101  101  101  103  104  106  109  113  118  124  133  143  154
  167  181  196  211  225  239  252  265  278
    62.5-180.0 180.0   5.0 450.0                            LAT/LON1/LON2/DLON/H
  295  306  317  327  336  346  355  365  375  384  391  392  388  379  367  353
  341  329  316  299  278  254  232  215  205  198  194  189  184  177  168  158
  146  134  123  115  110  107  107  109  111  114  117  117  116  114  112  109
  106  102   98   95   93   94   96   98  102  106  112  119  128  140  154  168
  184  200  216  231  245  259  271  283  295
    60.0-180.0 180.0   5.0 450.0                            LAT/LON1/LON2/DLON/H
  314  325  335  343  351  359  367  374  382  390  395  398  395  388  378  368
  360  352  343  329  310  287  266  250  238  230  223  215  206  195  182  168
  153  139  127  118  113  110  111  113  116  120  123  125  125  124  122  119
  113  106   98   92   88   88   90   93   98  104  112  122  135  150  168  186
  204  222  239  254  269  281  293  304  314
    57.5-180.0 180.0   5.0 450.0                            LAT/LON1/LON2/DLON/H
  335  345  354  362  368  374  379  384  390  395  400  402  401  396  388  381
  376  372  366  354  338  318  299  282  270  259  250  239  226  211  195  179
  162  147  134  125  119  117  118  121  125  130  134  137  138  138  137  133
  126  115  104   94   87   86   87   92   97  104  114  126  142  161  182  203
  223  243  261  277  292  304  315  325  335
    55.0-180.0 180.0   5.0 450.0                            LAT/LON1/LON2/DLON/H
  355  365  374  381  387  392  395  398  400  403  405  407  407  404  398  392
  388  384  379  369  356  339  322  306  292  279  267  253  238  222  205  187
  170  154  141  132  128  127  129  132  136  141  146  150  153  154  153  149
  141  128  115  102   94   91   92   95  101  108  118  132  149  171  194  217
  239  259  278  296  311  324  335  344  355
    52.5-180.0 180.0   5.0 450.0                            LAT/LON1/LON2/DLON/H
  372  383  393  401  408  412  415  416  416  415  414  414  414  412  407  401
  395  390  383  374  363  349  334  318  303  288  274  259  243  226  209  192
  175  160  148  140  137  137  140  144  148  153  158  163  166  168  167  163
  155  143  130  117  107  103  103  105  108  115  124  138  156  178  202  226
  247  267  287  307  325  340  351  362  372
    50.0-180.0 180.0   5.0 450.0                            LAT/LON1/LON2/DLON/H
  387  399  410  420  427  433  437  439  437  433  427  423  422  421  416  409
  400  391  383  373  363  352  339  324  308  292  276  260  242  225  208  191
  176  162  151  146  145  147  151  155  159  163  168  172  176  177  177  173
  167  158  147  135  126  120  117  116  118  122  130  143  161  184  208  230
  250  269  289  312  333  350  363  375  387
    47.5-180.0 180.0   5.0 450.0                            LAT/LON1/LON2/DLON/H
  397  411  424  435  445  452  458  461  459  452  442  435  432  431  427  417
  405  393  382  372  364  354  343  328  311  293  275  257  238  219  201  186
  172  160  153  150  151  155  160  163  166  169  173  177  180  181  181  179
  176  171  163  154  145  137  131  128  126  128  135  147  165  187  211  232
  251  268  289  313  337  357  372  385  397
    45.0-180.0 180.0   5.0 450.0                            LAT/LON1/LON2/DLON/H
  405  419  433  446  457  467  476  481  480  471  458  448  445  444  439  428
  413  398  386  376  368  360  349  335  318  298  277  255  232  211  192  177
  165  157  153  153  156  161  165  167  168  170  173  177  180  182  182  181
  181  180  177  170  160  150  142  135  131  131  137  149  167  189  213  235
  252  269  290  315  341  363  379  392  405
    42.5-180.0 180.0   5.0 450.0                            LAT/LON1/LON2/DLON/H
  413  427  440  453  464  476  486  494  495  487  474  463  460  460  455  441
  424  409  398  389  381  373  363  349  331  309  283  256  228  203  183  169
  160  155  154  156  161  165  167  167  167  168  171  175  179  180  181  182
  185  187  186  180  170  157  145  135  130  130  135  148  166  190  216  239
  258  275  295  321  348  370  387  401  413
    40.0-180.0 180.0   5.0 450.0                            LAT/LON1/LON2/DLON/H
  423  435  446  457  468  479  490  498  503  500  490  481  479  478  472  457
  439  425  415  408  401  392  382  369  350  325  294  261  229  200  178  165
  159  157  159  163  166  168  168  166  165  167  170  175  179  180  181  183
  187  191  191  185  172  156  142  131  125  125  131  145  165  191  219  246
  268  287  308  333  359  381  398  411  423
    37.5-180.0 180.0   5.0 450.0                            LAT/LON1/LON2/DLON/H
  437  446  454  462  470  479  489  498  507  510  508  503  501  499  491  474
  456  444  437  431  424  414  404  390  371  343  308  271  235  205  182  170
  166  167  171  174  175  174  171  168  168  171  176  181  184  184  183  185
  189  193  193  185  169  151  134  123  117  118  126  141  163  191  223  255
  281  303  325  349  375  397  414  427  437
    35.0-180.0 180.0   5.0 450.0                            LAT/LON1/LON2/DLON/H
  458  462  465  469  474  480  487  497  510  521  527  527  526  522  510  492
  475  465  460  455  447  437  426  411  390  360  323  284  249  219  198  186
  184  187  190  191  189  185  180  178  179  185  191  195  195  192  189  189
  192  194  192  182  164  143  126  114  109  111  121  138  162  193  229  265
  296  321  344  368  393  416  434  448  458
    32.5-180.0 180.0   5.0 450.0                            LAT/LON1/LON2/DLON/H
  485  485  482  480  480  483  488  499  515  534  547  553  553  547  531  511
  496  488  483  477  468  457  444  428  406  375  338  302  270  245  226  215
  213  216  218  216  211  204  199  199  204  211  216  217  212  205  198  196
  197  196  190  177  157  136  118  107  103  106  117  136  163  197  236  275
  310  339  363  388  414  438  460  477  485
    30.0-180.0 180.0   5.0 450.0                            LAT/LON1/LON2/DLON/H
  522  518  508  498  493  492  496  506  525  548  567  577  580  572  554  533
  519  511  505  497  485  472  458  440  417  388  355  324  300  281  265  255
  252  254  254  248  240  233  230  232  239  246  249  245  235  221  210  205
  203  198  188  172  151  130  113  103  100  104  116  136  165  201  243  285
  322  353  380  407  436  464  491  513  522
    27.5-180.0 180.0   5.0 450.0                            LAT/LON1/LON2/DLON/H
  571  564  546  528  516  511  513  522  541  565  586  599  605  599  582  560
  545  536  526  514  500  485  469  450  427  401  375  352  337  326  314  304
  300  300  298  288  276  268  267  271  279  285  285  276  261  241  226  217
  212  202  187  167  146  125  110  101   98  103  115  137  168  207  250  293
  331  364  394  425  458  492  528  558  571
    25.0-180.0 180.0   5.0 450.0                            LAT/LON1/LON2/DLON/H
  633  625  600  573  553  543  542  549  565  585  605  619  629  629  615  593
  575  562  547  530  512  496  479  460  440  420  402  389  384  381  373  363
  356  354  348  334  316  306  305  310  318  323  320  308  287  263  242  230
  220  205  184  162  141  122  108  100   98  102  115  139  172  212  256  300
  338  373  406  441  479  522  569  613  633
    22.5-180.0 180.0   5.0 450.0                            LAT/LON1/LON2/DLON/H
  700  696  669  635  606  591  587  591  600  614  628  641  655  664  656  634
  610  590  568  545  523  506  490  474  460  448  439  437  441  444  438  427
  417  412  401  380  356  341  337  341  348  353  349  335  311  282  256  239
  225  206  181  157  136  119  108  101   98  102  115  140  175  216  260  304
  344  381  417  456  500  550  610  668  700
    20.0-180.0 180.0   5.0 450.0                            LAT/LON1/LON2/DLON/H
  757  763  740  705  673  656  650  649  651  656  662  672  690  707  705  682
  652  622  591  561  535  517  504  494  488  486  487  493  504  511  505  491
  478  468  453  424  391  368  359  361  367  372  369  354  327  294  263  243
  225  202  177  153  133  118  108  102   99  101  114  141  178  219  262  306
  348  388  427  470  518  575  643  712  757
    17.5-180.0 180.0   5.0 450.0                            LAT/LON1/LON2/DLON/H
  790  808  797  770  743  729  726  725  720  715  712  717  737  760  763  737
  699  659  619  582  553  533  524  521  525  532  540  551  565  573  566  549
  533  520  499  462  418  385  369  367  373  380  377  361  331  294  260  235
  216  193  169  148  131  118  110  105  101  100  113  143  180  220  262  307
  352  395  437  481  532  590  660  735  790
    15.0-180.0 180.0   5.0 450.0                            LAT/LON1/LON2/DLON/H
  782  816  825  816  802  798  802  804  799  791  783  782  799  822  827  801
  756  706  658  615  582  561  553  557  567  579  590  602  616  622  614  596
  579  563  536  490  436  393  370  363  368  375  372  353  319  278  242  217
  198  179  160  143  129  119  114  110  105  102  115  145  183  221  261  307
  356  403  446  491  541  594  655  722  782
    12.5-180.0 180.0   5.0 450.0                            LAT/LON1/LON2/DLON/H
  729  775  809  830  839  849  863  873  873  868  862  860  873  894  899  872
  822  766  712  665  628  603  596  602  615  625  631  639  648  650  640  624
  610  593  562  509  447  395  365  353  355  360  354  328  290  248  213  190
  175  162  149  137  128  122  119  117  112  108  119  148  186  222  261  309
  362  411  456  501  548  592  631  677  729
    10.0-180.0 180.0   5.0 450.0                            LAT/LON1/LON2/DLON/H
  650  699  755  806  842  869  895  914  924  929  930  933  945  964  969  946
  898  840  785  737  697  666  654  659  666  664  656  653  655  653  643  632
  625  611  577  520  453  394  357  340  337  337  324  292  250  209  180  162
  152  144  138  132  127  125  126  128  124  120  128  155  190  225  264  313
  368  421  468  513  557  587  600  616  650
     7.5-180.0 180.0   5.0 450.0                            LAT/LON1/LON2/DLON/H
  571  615  684  760  818  854  885  912  935  956  972  984  999 1017 1027 1011
  969  915  866  823  781  745  726  722  717  694  664  647  640  634  626  623
  625  617  582  524  454  393  352  327  317  310  290  252  208  172  150  138
  134  131  129  127  126  128  135  141  140  135  140  163  194  229  269  319
  376  432  482  529  569  587  574  560  571
     5.0-180.0 180.0   5.0 450.0                            LAT/LON1/LON2/DLON/H
  517  548  622  713  782  819  843  869  898  933  968  996 1019 1041 1058 1053
 1021  977  938  904  864  823  796  783  762  714  658  624  608  599  593  598
  611  610  577  519  452  393  350  319  300  285  258  216  173  143  129  125
  125  124  124  123  125  132  143  153  154  150  153  171  199  233  275  326
  385  444  498  548  588  599  569  529  517
     2.5-180.0 180.0   5.0 450.0                            LAT/LON1/LON2/DLON/H
  510  523  589  682  752  780  790  804  830  871  917  958  992 1023 1050 1058
 1039 1007  982  960  927  884  851  830  793  720  640  588  564  551  547  560
  584  592  563  509  449  396  353  318  291  267  234  191  153  131  123  123
  124  123  121  120  124  134  149  162  165  162  163  178  203  238  281  333
  392  454  513  567  610  622  590  540  510
