ionex_esag_emptyfiles/esag2670.12i
     1.0            IONOSPHERE MAPS     GPS                 IONEX VERSION / TYPE
GIM V3.0            JPL - GNISD         26-sep-2012 05:40   PGM / RUN BY / DATE 
JPL'S GLOBAL IONOSPHERE MAPS YEAR 2012 DAY 267              COMMENT             
Global Ionospheric Maps (GIM) are generated on an hourly    DESCRIPTION         
and daily basis at JPL using data from up to 100 GPS sites  DESCRIPTION         
of the IGS and others institutions.                         DESCRIPTION         
The vertical TEC is modeled in a solar-geomagnetic          DESCRIPTION         
reference frame using bi-cubic splines on a spherical grid. DESCRIPTION         
A Kalman filter is used to solve simultaneously for         DESCRIPTION         
instrumental biases and VTEC on the grid (as stochastic     DESCRIPTION         
parameters).                                                DESCRIPTION         
Contact Address:  gpsiono@cobra.jpl.nasa.gov .              DESCRIPTION         
  2012     9    23     0     0     0                        EPOCH OF FIRST MAP  
  2012     9    24     0     0     0                        EPOCH OF LAST MAP   
  7200                                                      INTERVAL            
    13                                                      # OF MAPS IN FILE   
  NONE                                                      MAPPING FUNCTION    
    10.0                                                    ELEVATION CUTOFF    
One-way carrier phase leveled to code                       OBSERVABLES USED    
   170                                                      # OF STATIONS       
    31                                                      # OF SATELLITES     
  6371.0                                                    BASE RADIUS         
     2                                                      MAP DIMENSION       
   450.0 450.0   0.0                                        HGT1 / HGT2 / DHGT  
    87.5 -87.5  -2.5                                        LAT1 / LAT2 / DLAT  
  -180.0 180.0   5.0                                        LON1 / LON2 / DLON  
    -1                                                      EXPONENT            
TEC/RMS values in 0.1 TECU; 9999, if no value available     COMMENT             
                                                            END OF HEADER       
[from data line 1716]
     5                                                      START OF TEC MAP    
  2012     9    23     8     0     0                        EPOCH OF CURRENT MAP
    87.5-180.0 180.0   5.0 450.0                            LAT/LON1/LON2/DLON/H
  154  152  151  149  148  147  146  145  144  143  142  141  141  141  140  140
  140  140  141  141  141  142  143  143  144  145  146  147  149  150  151  152
  154  155  157  158  159  161  162  164  165  166  167  168  169  170  171  172
  172  173  173  174  174  174  174  174  173  173  172  172  171  170  169  167
  166  165  163  162  160  158  157  155  154
    85.0-180.0 180.0   5.0 450.0                            LAT/LON1/LON2/DLON/H
  149  146  143  141  138  136  134  133  131  130  129  128  127  126  126  126
  126  126  126  127  128  129  130  132  134  136  138  140  143  146  149  151
  154  157  160  163  166  169  171  173  176  178  179  181  183  184  185  187
  188  189  189  190  190  191  191  190  190  189  188  187  185  183  180  178
  175  172  168  165  162  158  155  152  149
    82.5-180.0 180.0   5.0 450.0                            LAT/LON1/LON2/DLON/H
  143  140  136  133  131  128  126  124  123  121  120  118  117  116  115  115
  114  114  114  115  116  118  120  122  125  128  132  136  141  145  150  155
  160  165  169  174  178  182  186  189  192  194  196  198  199  200  201  202
  203  204  204  205  206  206  206  206  205  204  203  201  198  195  191  187
  182  178  173  167  162  157  152  148  143
    80.0-180.0 180.0   5.0 450.0                            LAT/LON1/LON2/DLON/H
  139  135  131  128  125  123  121  119  117  116  114  112  111  109  108  107
  106  105  105  106  107  108  111  114  118  123  128  134  140  146  153  159
  166  172  179  185  191  197  202  206  210  213  215  217  218  218  218  218
  218  218  218  219  219  219  219  219  218  217  215  212  209  205  200  195
  189  183  176  170  163  156  150  144  139
    77.5-180.0 180.0   5.0 450.0                            LAT/LON1/LON2/DLON/H
  137  132  128  124  122  119  117  115  112  110  108  106  104  102  100   99
   98   97   97   98   99  101  104  108  113  119  126  133  140  147  154  162
  169  177  185  193  200  208  215  222  227  231  234  236  236  236  235  234
  233  232  231  230  230  229  229  228  227  225  223  220  216  212  207  201
  195  188  181  173  165  157  149  143  137
    75.0-180.0 180.0   5.0 450.0                            LAT/LON1/LON2/DLON/H
  136  130  125  121  118  115  111  108  105  102  100   98   96   95   94   93
   92   92   91   92   93   95   99  104  109  116  123  131  139  147  155  162
  170  178  186  195  204  214  223  232  239  245  249  251  252  252  250  248
  246  244  241  240  238  237  236  234  232  230  227  224  221  216  212  207
  201  194  187  179  170  160  151  143  136
    72.5-180.0 180.0   5.0 450.0                            LAT/LON1/LON2/DLON/H
  137  129  123  118  113  109  104  100   96   93   90   89   88   88   88   88
   88   87   87   87   88   91   94   99  105  112  120  128  136  145  152  160
  167  175  183  192  203  214  225  236  246  254  259  262  263  263  261  259
  256  253  251  248  246  244  241  239  236  233  230  226  223  219  215  211
  207  201  194  186  176  166  155  146  137
    70.0-180.0 180.0   5.0 450.0                            LAT/LON1/LON2/DLON/H
  138  129  121  115  109  103   97   92   87   83   81   80   81   82   83   84
   84   83   83   83   84   86   90   95  101  107  113  121  128  137  145  153
  160  168  177  187  198  211  224  236  247  257  263  267  269  269  268  267
  264  262  259  257  254  251  248  244  240  236  232  228  224  220  217  215
  211  207  201  193  183  171  160  148  138
    67.5-180.0 180.0   5.0 450.0                            LAT/LON1/LON2/DLON/H
  138  128  120  112  105   98   91   85   80   76   74   74   75   77   79   80
   80   80   79   79   80   82   85   90   94   99  103  109  115  123  132  141
  151  160  170  181  193  207  221  234  246  256  264  269  272  273  273  273
  272  270  269  266  264  260  256  252  247  241  236  230  225  221  218  215
  212  209  204  197  187  176  163  150  138
    65.0-180.0 180.0   5.0 450.0                            LAT/LON1/LON2/DLON/H
  139  128  118  110  102   95   88   82   76   72   70   70   72   74   76   77
   77   76   76   76   76   77   80   83   86   88   90   94   99  107  117  128
  140  152  163  176  189  204  218  233  245  256  264  270  273  275  277  278
  279  280  279  278  276  273  268  263  257  249  242  234  227  220  216  212
  209  206  202  196  188  177  165  152  139
    62.5-180.0 180.0   5.0 450.0                            LAT/LON1/LON2/DLON/H
  140  128  118  109  102   95   89   83   78   73   70   69   70   72   73   74
   74   73   73   72   72   73   74   75   76   77   77   79   83   91  103  117
  132  146  160  174  189  204  219  233  247  257  266  272  276  279  282  286
  289  291  292  292  290  286  282  275  268  259  249  239  229  221  213  206
  201  198  195  191  185  176  165  153  140
    60.0-180.0 180.0   5.0 450.0                            LAT/LON1/LON2/DLON/H
  141  130  119  110  103   98   93   88   82   77   73   71   70   71   71   71
   71   70   70   69   69   69   69   69   69   68   67   67   71   80   94  111
  129  147  163  177  192  207  223  238  251  263  271  278  282  286  290  295
  299  303  305  305  303  300  294  287  279  269  257  246  234  223  212  202
  195  189  187  184  181  174  165  154  141
    57.5-180.0 180.0   5.0 450.0                            LAT/LON1/LON2/DLON/H
  144  132  122  113  106  102   98   94   89   84   78   74   72   70   70   69
   68   68   67   66   66   66   66   66   65   63   62   62   66   76   92  112
  133  152  169  184  199  214  230  245  260  272  282  288  292  296  300  305
  310  314  316  316  314  310  304  296  286  276  264  253  241  229  216  204
  193  185  182  180  178  174  166  156  144
    55.0-180.0 180.0   5.0 450.0                            LAT/LON1/LON2/DLON/H
  148  136  125  116  110  107  105  102   97   91   84   79   74   71   69   67
   66   65   65   65   66   67   68   68   67   65   63   64   70   81   98  119
  141  161  178  193  208  223  240  257  273  286  296  302  305  308  312  316
  319  322  323  323  320  315  307  298  289  279  269  260  251  241  229  215
  201  190  184  182  180  176  169  159  148
    52.5-180.0 180.0   5.0 450.0                            LAT/LON1/LON2/DLON/H
  153  141  130  121  115  113  112  110  106   99   92   84   78   73   69   66
   65   64   65   66   68   70   73   74   74   72   71   72   78   90  108  129
  151  171  188  202  217  233  251  270  287  301  311  317  320  322  324  326
  327  327  326  324  320  314  306  297  288  279  272  267  264  259  249  235
  220  206  198  192  188  183  175  164  153
    50.0-180.0 180.0   5.0 450.0                            LAT/LON1/LON2/DLON/H
  159  146  135  127  123  121  120  118  114  107  100   91   84   77   71   67
   65   65   67   70   73   77   81   83   84   83   82   83   90  102  119  140
  160  179  195  210  225  243  263  283  301  316  326  332  335  337  337  336
  333  330  327  324  320  314  306  297  288  280  275  274  276  276  272  260
  245  230  218  209  201  193  182  171  159
    47.5-180.0 180.0   5.0 450.0                            LAT/LON1/LON2/DLON/H
  165  153  143  137  134  132  130  126  122  116  109  100   91   83   75   70
   69   70   73   77   81   86   91   94   95   94   93   94  101  113  129  148
  167  184  200  215  232  251  273  294  313  327  338  344  348  350  351  348
  342  335  331  328  324  320  312  303  293  284  278  278  283  289  290  282
  268  253  239  227  215  203  190  177  165
    45.0-180.0 180.0   5.0 450.0                            LAT/LON1/LON2/DLON/H
  170  160  153  151  149  146  140  135  130  125  118  110  100   90   82   76
   76   78   83   87   92   97  101  104  105  104  102  103  108  120  136  154
  171  186  201  218  237  258  281  303  321  335  345  353  359  363  365  362
  355  348  343  341  339  337  332  322  309  295  284  280  284  292  297  294
  283  270  255  240  226  211  196  182  170
    42.5-180.0 180.0   5.0 450.0                            LAT/LON1/LON2/DLON/H
  172  164  163  165  167  162  152  142  137  133  128  121  111  100   90   85
   86   91   97  102  106  109  111  113  113  111  108  107  112  123  139  156
  172  186  201  219  240  264  288  309  325  338  349  359  368  375  380  379
  376  372  370  369  370  371  369  359  340  317  295  281  277  282  289  290
  284  274  261  246  229  213  198  184  172
    40.0-180.0 180.0   5.0 450.0                            LAT/LON1/LON2/DLON/H
  170  166  169  178  183  176  161  148  142  140  137  132  123  111  100   95
   98  105  113  118  121  122  121  119  118  115  111  109  112  124  140  156
  170  184  200  220  243  268  292  312  327  339  351  363  376  387  395  400
  404  409  412  414  418  424  426  416  391  356  321  291  275  272  276  277
  275  268  256  241  224  208  194  181  170
    37.5-180.0 180.0   5.0 450.0                            LAT/LON1/LON2/DLON/H
  162  160  169  184  192  184  166  151  145  145  146  143  136  123  111  106
  111  120  128  133  135  133  129  124  121  117  113  109  112  123  139  154
  167  181  198  221  247  272  296  313  327  338  352  368  384  399  412  425
  440  457  468  474  481  494  503  495  464  420  371  325  293  277  273  271
  268  262  250  234  215  199  185  172  162
    35.0-180.0 180.0   5.0 450.0                            LAT/LON1/LON2/DLON/H
  151  148  159  178  189  183  165  150  146  149  153  154  148  134  121  117
  122  132  141  146  146  142  135  128  123  119  114  110  111  120  136  151
  163  177  196  222  249  276  298  314  326  338  354  374  394  413  430  452
  481  511  532  543  556  578  597  595  564  514  455  396  347  315  297  285
  276  267  254  236  215  196  179  163  151
    32.5-180.0 180.0   5.0 450.0                            LAT/LON1/LON2/DLON/H
  143  135  143  161  173  169  155  144  144  151  159  162  158  144  130  126
  131  140  149  153  153  147  139  131  125  121  116  111  111  119  133  147
  159  174  195  223  253  279  300  314  325  339  358  382  407  430  453  484
  525  569  599  618  640  676  710  719  693  643  581  515  451  401  362  332
  310  295  280  258  233  210  186  162  143
    30.0-180.0 180.0   5.0 450.0                            LAT/LON1/LON2/DLON/H
  147  130  130  141  151  149  139  135  140  149  160  166  163  150  137  132
  136  144  152  155  154  149  140  132  127  124  120  114  111  118  131  145
  157  172  195  225  256  282  301  314  325  342  365  394  424  453  482  521
  573  627  667  694  728  780  831  853  836  793  736  668  596  528  467  415
  376  354  335  311  281  249  214  178  147
    27.5-180.0 180.0   5.0 450.0                            LAT/LON1/LON2/DLON/H
  173  144  131  130  133  131  126  126  134  145  156  163  161  150  139  135
  139  145  150  153  152  148  141  134  130  128  124  117  113  118  130  144
  157  173  198  229  260  286  303  314  327  347  375  410  446  482  519  566
  624  682  727  762  807  873  940  974  967  934  886  824  749  668  588  515
  461  433  415  393  362  321  270  217  173
    25.0-180.0 180.0   5.0 450.0                            LAT/LON1/LON2/DLON/H
  226  185  156  138  131  128  124  124  130  138  147  153  151  144  137  136
  139  143  146  148  148  146  142  137  134  132  128  120  115  119  132  147
  161  178  203  233  264  289  305  316  331  356  390  431  475  518  562  613
  671  727  771  810  861  937 1014 1057 1058 1035 1000  948  877  792  701  613
  547  516  502  486  457  411  347  281  226
    22.5-180.0 180.0   5.0 450.0                            LAT/LON1/LON2/DLON/H
  298  252  209  175  155  148  140  133  132  135  138  140  136  132  131  134
  137  139  140  141  143  143  143  141  139  137  132  123  117  122  137  153
  168  185  209  239  268  292  308  321  339  370  410  457  506  555  603  654
  707  753  791  826  878  956 1033 1077 1081 1065 1043 1008  950  872  780  688
  618  587  578  570  547  500  428  355  298
    20.0-180.0 180.0   5.0 450.0                            LAT/LON1/LON2/DLON/H
  370  328  279  234  209  198  183  160  143  137  134  129  122  119  123  130
  133  134  133  134  137  141  145  147  147  143  135  124  118  125  143  161
  175  192  215  243  271  295  313  329  351  387  433  484  536  587  636  683
  723  754  778  803  845  913  981 1018 1019 1009 1000  983  946  887  809  724
  658  630  626  626  611  566  493  421  370
    17.5-180.0 180.0   5.0 450.0                            LAT/LON1/LON2/DLON/H
  428  397  350  303  279  271  247  203  166  149  139  126  114  111  118  127
  130  128  126  127  132  140  148  154  154  149  138  125  118  127  148  168
  182  198  220  246  273  297  318  338  366  406  456  509  562  611  654  690
  712  723  729  740  769  821  875  901  899  893  897  899  886  852  795  726
  668  639  634  637  629  590  524  464  428
    15.0-180.0 180.0   5.0 450.0                            LAT/LON1/LON2/DLON/H
  455  444  408  368  353  350  319  254  198  173  158  138  117  111  118  126
  127  124  121  122  128  140  151  159  160  152  139  124  117  128  150  171
  186  200  221  245  272  297  321  346  379  423  476  530  579  621  653  673
  678  671  662  660  674  710  747  762  756  755  770  791  801  792  759  708
  659  628  615  613  603  567  510  467  455
    12.5-180.0 180.0   5.0 450.0                            LAT/LON1/LON2/DLON/H
  445  455  439  415  416  423  387  305  234  204  188  162  134  122  125  129
  127  122  119  120  127  140  153  161  162  153  137  122  115  125  148  169
  184  199  218  242  268  295  322  352  389  436  490  543  587  618  638  643
  634  615  596  585  587  606  628  633  627  630  656  692  720  731  719  686
  645  609  585  572  555  516  464  437  445
    10.0-180.0 180.0   5.0 450.0                            LAT/LON1/LON2/DLON/H
  416  442  443  438  457  475  438  348  270  239  223  193  158  141  138  136
  129  123  120  121  129  140  152  159  158  148  132  117  111  121  142  163
  179  194  213  236  263  290  319  352  393  442  498  549  587  609  617  612
  595  572  550  536  532  539  548  548  544  554  589  633  670  691  693  674
  639  598  562  535  507  460  411  394  416
     7.5-180.0 180.0   5.0 450.0                            LAT/LON1/LON2/DLON/H
  388  422  436  445  474  498  465  378  302  273  257  223  185  162  153  145
  134  126  124  127  133  141  148  151  149  139  125  111  106  115  134  155
  172  188  207  230  255  282  312  347  391  442  498  548  581  597  599  590
  575  558  544  534  527  525  524  520  519  535  574  621  657  680  687  677
  649  608  563  522  479  423  371  359  388
     5.0-180.0 180.0   5.0 450.0                            LAT/LON1/LON2/DLON/H
  379  413  431  446  477  501  473  396  327  300  283  248  208  183  169  156
  140  132  131  134  137  141  142  141  137  128  115  105  101  109  127  147
  166  183  202  223  247  272  301  338  383  436  492  540  571  585  588  586
  581  578  576  573  566  557  547  539  539  558  597  639  668  685  693  690
  670  632  587  540  488  423  367  352  379
     2.5-180.0 180.0   5.0 450.0                            LAT/LON1/LON2/DLON/H
  405  429  441  452  474  492  468  404  345  317  297  261  223  199  184  167
  149  139  138  140  142  141  136  130  124  116  106   98   97  104  121  142
  162  181  198  218  238  261  289  326  372  424  479  526  558  576  588  596
  606  619  632  637  633  621  605  594  593  609  640  671  687  694  699  701
  689  659  618  573  520  456  402  386  405
