ionex_esag_emptyfiles/esag2700.12i
     1.0            IONOSPHERE MAPS     GPS                 IONEX VERSION / TYPE
GIM V3.0            JPL - GNISD         29-sep-2012 05:31   PGM / RUN BY / DATE 
JPL'S GLOBAL IONOSPHERE MAPS YEAR 2012 DAY 270              COMMENT             
Global Ionospheric Maps (GIM) are generated on an hourly    DESCRIPTION         
and daily basis at JPL using data from up to 100 GPS sites  DESCRIPTION         
of the IGS and others institutions.                         DESCRIPTION         
The vertical TEC is modeled in a solar-geomagnetic          DESCRIPTION         
reference frame using bi-cubic splines on a spherical grid. DESCRIPTION         
A Kalman filter is used to solve simultaneously for         DESCRIPTION         
instrumental biases and VTEC on the grid (as stochastic     DESCRIPTION         
parameters).                                                DESCRIPTION         
Contact Address:  gpsiono@cobra.jpl.nasa.gov .              DESCRIPTION         
  2012     9    26     0     0     0                        EPOCH OF FIRST MAP  
  2012     9    27     0     0     0                        EPOCH OF LAST MAP   
  7200                                                      INTERVAL            
    13                                                      # OF MAPS IN FILE   
  NONE                                                      MAPPING FUNCTION    
    10.0                                                    ELEVATION CUTOFF    
One-way carrier phase leveled to code                       OBSERVABLES USED    
   170                                                      # OF STATIONS       
    31                                                      # OF SATELLITES     
  6371.0                                                    BASE RADIUS         
     2                                                      MAP DIMENSION       
   450.0 450.0   0.0                                        HGT1 / HGT2 / DHGT  
    87.5 -87.5  -2.5                                        LAT1 / LAT2 / DLAT  
  -180.0 180.0   5.0                                        LON1 / LON2 / DLON  
    -1                                                      EXPONENT            
TEC/RMS values in 0.1 TECU; 9999, if no value available     COMMENT             
                                                            END OF HEADER       
[from data line 2574]
     7                                                      START OF TEC MAP    
  2012     9    26    12     0     0                        EPOCH OF CURRENT MAP
    87.5-180.0 180.0   5.0 450.0                            LAT/LON1/LON2/DLON/H
  207  207  207  208  208  208  209  210  210  211  212  213  213  214  215  216
  217  218  219  220  221  222  223  224  225  226  228  229  230  230  231  232
  233  233  234  234  234  234  234  234  234  233  233  232  231  230  229  228
  227  226  225  224  223  221  220  219  218  216  215  214  213  212  211  210
  209  209  208  208  207  207  207  207  207
    85.0-180.0 180.0   5.0 450.0                            LAT/LON1/LON2/DLON/H
  192  193  194  195  196  197  199  200  202  203  205  206  208  209  211  212
  214  215  217  219  221  223  225  227  230  233  235  238  240  243  245  247
  248  250  251  251  252  252  251  250  250  248  247  245  244  242  240  237
  235  233  230  228  226  223  220  218  215  213  210  208  206  203  201  199
  198  196  195  194  193  192  192  192  192
    82.5-180.0 180.0   5.0 450.0                            LAT/LON1/LON2/DLON/H
  175  176  178  180  182  185  188  191  194  196  199  201  203  205  207  208
  210  212  214  217  219  223  226  230  235  240  244  249  254  258  262  265
  268  270  272  272  272  272  270  269  267  264  262  259  256  253  250  246
  243  240  236  233  229  225  222  218  214  211  207  203  199  196  192  189
  185  182  180  178  176  175  175  175  175
    80.0-180.0 180.0   5.0 450.0                            LAT/LON1/LON2/DLON/H
  155  157  159  162  166  170  174  179  184  188  192  196  198  201  203  205
  206  208  211  214  217  222  227  234  241  249  257  264  272  278  284  289
  292  295  296  296  295  293  290  287  283  279  275  271  267  263  259  255
  251  247  242  238  234  230  225  221  216  211  206  201  195  190  185  179
  174  169  165  161  159  156  155  155  155
    77.5-180.0 180.0   5.0 450.0                            LAT/LON1/LON2/DLON/H
  135  136  138  142  147  152  158  165  171  178  184  189  193  196  198  200
  201  203  206  210  215  221  229  238  249  260  271  282  292  301  309  314
  318  321  321  319  317  313  308  303  298  293  288  283  278  273  268  264
  259  255  250  246  241  236  231  226  221  215  209  203  196  188  181  173
  166  158  152  146  141  138  136  134  135
    75.0-180.0 180.0   5.0 450.0                            LAT/LON1/LON2/DLON/H
  115  116  118  122  127  133  140  148  157  165  172  178  184  187  190  192
  194  196  199  204  211  220  231  243  257  271  285  298  310  321  330  336
  341  342  342  340  335  330  324  318  311  305  299  294  289  284  279  274
  269  265  260  255  250  245  240  234  228  222  215  208  200  191  181  171
  161  151  142  134  127  122  118  116  115
    72.5-180.0 180.0   5.0 450.0                            LAT/LON1/LON2/DLON/H
  100  100  101  104  109  115  123  132  141  149  157  164  169  174  177  180
  183  186  191  198  207  219  232  247  264  280  295  310  323  333  342  349
  353  355  355  353  349  343  337  330  323  316  310  305  300  295  291  286
  281  276  271  265  260  254  248  243  236  230  222  214  205  195  183  171
  159  147  136  126  117  111  106  102  100
    70.0-180.0 180.0   5.0 450.0                            LAT/LON1/LON2/DLON/H
   91   90   90   91   95  100  107  115  124  132  139  146  151  156  160  164
  168  174  181  190  202  216  232  250  267  284  300  314  326  335  343  349
  353  356  358  358  355  351  345  339  333  327  322  317  313  308  304  298
  293  287  280  274  268  261  255  248  242  235  228  219  210  198  186  172
  159  145  133  121  112  104   98   94   91
    67.5-180.0 180.0   5.0 450.0                            LAT/LON1/LON2/DLON/H
   88   85   84   84   86   90   95  101  108  114  120  126  131  135  140  145
  151  158  168  181  196  212  230  248  266  283  297  309  319  327  333  339
  344  349  353  355  355  353  350  345  341  337  333  330  326  321  316  310
  303  296  288  280  272  264  256  250  243  237  230  221  211  200  187  173
  159  146  132  121  111  102   96   91   88
    65.0-180.0 180.0   5.0 450.0                            LAT/LON1/LON2/DLON/H
   89   86   83   82   82   84   86   89   94   98  102  106  110  114  119  125
  132  142  155  170  187  206  225  243  260  274  286  296  305  311  318  324
  330  337  343  348  352  353  352  350  348  346  344  341  337  333  327  320
  312  302  292  281  271  260  252  244  238  233  226  218  209  198  186  173
  161  148  135  123  113  104   98   92   89
    62.5-180.0 180.0   5.0 450.0                            LAT/LON1/LON2/DLON/H
   93   90   87   85   83   81   81   82   83   84   86   89   91   95   99  106
  114  126  141  159  179  199  217  235  250  263  273  281  289  296  303  309
  317  326  334  342  348  352  354  354  355  354  353  351  347  342  335  326
  316  305  293  279  266  254  244  236  231  226  220  213  205  195  184  174
  163  152  140  129  119  109  102   97   93
    60.0-180.0 180.0   5.0 450.0                            LAT/LON1/LON2/DLON/H
  101   98   95   91   87   83   80   77   76   75   75   76   77   80   84   90
  100  113  130  150  172  192  211  227  241  252  261  269  277  286  294  303
  311  321  330  338  345  351  356  359  361  362  362  359  355  348  340  330
  318  306  292  277  262  248  238  230  225  220  216  210  203  194  185  176
  167  158  148  137  126  116  109  104  101
    57.5-180.0 180.0   5.0 450.0                            LAT/LON1/LON2/DLON/H
  111  109  105  100   95   88   83   78   74   71   69   68   68   70   74   80
   90  104  123  145  168  189  207  222  234  245  254  264  275  286  297  307
  315  323  331  339  346  353  360  365  369  371  370  367  361  353  343  332
  319  306  292  277  261  248  237  230  224  220  216  212  205  198  189  182
  175  167  158  147  135  125  118  114  111
    55.0-180.0 180.0   5.0 450.0                            LAT/LON1/LON2/DLON/H
  123  122  118  113  106   98   90   83   76   72   68   66   66   67   70   76
   86  101  121  146  170  192  208  221  233  244  255  268  282  297  310  319
  326  331  338  344  351  359  367  375  380  381  380  374  367  357  345  334
  321  308  295  281  268  257  248  240  233  228  225  221  216  209  201  193
  185  178  168  157  145  134  128  125  123
    52.5-180.0 180.0   5.0 450.0                            LAT/LON1/LON2/DLON/H
  136  135  132  126  119  111  102   93   85   78   73   70   69   69   72   77
   87  102  124  151  177  199  214  226  237  249  263  278  296  314  328  336
  340  343  347  352  360  369  379  388  393  394  390  383  373  362  349  337
  325  314  302  291  283  275  268  260  251  243  239  236  232  226  216  207
  198  189  179  167  155  145  139  137  136
    50.0-180.0 180.0   5.0 450.0                            LAT/LON1/LON2/DLON/H
  149  148  144  138  131  123  115  106   98   91   85   80   78   77   78   82
   91  107  131  160  187  209  224  234  245  258  273  291  312  331  345  352
  354  355  357  362  370  381  393  403  409  408  402  392  381  368  355  343
  332  322  313  305  301  298  292  282  270  259  253  251  248  241  232  221
  210  200  189  176  164  155  150  149  149
    47.5-180.0 180.0   5.0 450.0                            LAT/LON1/LON2/DLON/H
  160  158  153  147  140  134  126  119  112  106  100   95   92   89   88   90
   98  115  140  170  198  220  234  244  254  268  284  303  324  342  356  362
  362  362  365  372  382  395  408  420  426  423  415  403  390  376  364  352
  341  332  324  319  318  318  313  300  284  269  261  258  255  250  241  230
  218  207  196  184  173  165  161  160  160
    45.0-180.0 180.0   5.0 450.0                            LAT/LON1/LON2/DLON/H
  167  164  157  149  143  139  134  129  125  121  117  113  109  105  100   99
  106  123  149  179  208  229  243  253  263  277  293  311  329  345  357  363
  365  367  372  381  394  409  425  437  443  439  428  414  400  387  374  362
  351  342  334  330  330  330  323  307  286  267  255  250  248  244  238  230
  220  210  200  190  180  173  169  168  167
    42.5-180.0 180.0   5.0 450.0                            LAT/LON1/LON2/DLON/H
  170  164  155  146  140  136  135  134  133  133  132  130  127  121  113  109
  115  132  158  187  214  235  249  259  270  284  298  313  328  342  353  360
  364  370  378  390  406  423  441  455  460  455  443  428  414  400  387  374
  362  351  342  336  333  329  318  297  272  250  236  228  224  223  221  218
  214  207  200  192  184  177  174  172  170
    40.0-180.0 180.0   5.0 450.0                            LAT/LON1/LON2/DLON/H
  167  159  148  137  131  128  129  131  135  140  143  145  143  136  126  120
  124  140  165  192  217  237  251  263  274  287  300  312  324  336  347  356
  363  372  384  399  418  438  458  474  479  474  461  446  432  417  402  387
  372  359  347  339  332  323  307  283  257  233  215  204  198  198  201  203
  203  201  197  191  184  178  173  171  167
    37.5-180.0 180.0   5.0 450.0                            LAT/LON1/LON2/DLON/H
  158  149  137  125  118  117  119  124  131  140  149  155  155  149  137  129
  132  148  171  196  219  238  252  265  277  289  301  310  319  330  343  354
  366  378  393  412  434  457  479  495  501  496  484  469  455  439  421  403
  386  371  358  348  340  327  308  281  254  230  211  196  188  188  193  197
  199  198  196  191  184  175  168  163  158
    35.0-180.0 180.0   5.0 450.0                            LAT/LON1/LON2/DLON/H
  145  135  123  112  105  104  107  114  124  137  150  159  163  158  146  137
  140  154  176  199  220  237  252  265  277  289  299  307  317  330  345  360
  374  390  409  432  458  484  507  523  528  524  513  500  485  468  448  427
  408  393  382  374  367  354  334  308  281  259  239  223  213  210  210  209
  207  205  201  195  185  173  162  153  145
    32.5-180.0 180.0   5.0 450.0                            LAT/LON1/LON2/DLON/H
  134  122  110  100   94   93   96  103  115  130  146  159  165  163  153  144
  146  160  180  201  220  237  250  263  276  288  298  306  318  335  355  373
  390  410  435  465  496  524  545  558  562  557  549  536  523  505  484  462
  444  431  426  426  425  418  402  377  353  333  315  299  288  279  267  251
  237  227  217  207  193  177  160  145  134
    30.0-180.0 180.0   5.0 450.0                            LAT/LON1/LON2/DLON/H
  131  116  102   91   85   84   87   94  106  122  140  155  164  164  157  150
  151  164  182  203  222  237  249  261  274  286  296  307  323  346  371  393
  413  439  475  517  554  581  597  602  599  594  587  578  566  551  532  513
  498  492  496  508  519  521  509  486  461  442  426  414  404  389  360  323
  290  267  248  231  212  190  167  147  131
    27.5-180.0 180.0   5.0 450.0                            LAT/LON1/LON2/DLON/H
  141  120  102   89   81   79   81   88   99  114  131  147  157  161  158  153
  155  166  184  205  224  238  248  259  271  284  295  310  332  362  393  418
  443  478  531  589  632  654  657  649  638  630  625  621  615  606  594  581
  571  571  586  608  630  640  632  607  579  558  544  536  529  510  464  406
  355  318  290  267  244  218  190  164  141
    25.0-180.0 180.0   5.0 450.0                            LAT/LON1/LON2/DLON/H
  168  139  113   94   82   78   79   84   93  105  120  134  145  153  155  155
  157  167  185  207  226  239  248  257  269  283  297  315  344  381  419  449
  479  526  598  673  718  728  716  693  672  662  661  663  667  668  665  658
  652  656  677  707  735  749  741  711  677  650  635  631  630  610  553  479
  415  369  336  308  283  257  228  198  168
    22.5-180.0 180.0   5.0 450.0                            LAT/LON1/LON2/DLON/H
  208  171  136  107   90   81   80   83   89   98  109  120  131  141  150  155
  158  167  184  208  228  240  247  256  269  284  301  325  360  404  448  484
  519  575  664  752  796  791  761  725  697  687  689  701  716  729  735  733
  729  733  754  785  812  822  809  771  726  690  670  668  674  659  602  525
  458  411  377  349  325  301  274  242  208
    20.0-180.0 180.0   5.0 450.0                            LAT/LON1/LON2/DLON/H
  251  208  164  127  102   88   84   86   89   93   98  106  115  128  144  154
  158  165  183  208  229  240  247  256  270  287  309  339  380  430  479  518
  557  620  719  812  848  826  779  736  709  702  711  732  758  780  792  793
  787  786  801  824  840  839  813  764  707  660  632  629  641  636  591  527
  472  434  407  384  363  343  320  289  251
    17.5-180.0 180.0   5.0 450.0                            LAT/LON1/LON2/DLON/H
  291  244  193  148  117   99   93   92   92   91   91   94  101  117  137  151
  155  162  181  209  230  241  248  259  274  294  320  355  402  456  509  551
  590  654  753  839  860  821  766  728  711  711  726  754  786  813  827  827
  815  806  809  817  819  804  768  709  643  585  547  541  557  565  538  495
  460  439  423  408  393  378  359  330  291
    15.0-180.0 180.0   5.0 450.0                            LAT/LON1/LON2/DLON/H
  319  271  218  169  133  112  103  101   98   93   88   87   92  108  131  147
  152  158  180  209  232  243  251  263  281  303  333  374  424  481  535  577
  616  675  760  828  832  785  733  708  707  718  737  767  799  823  833  829
  813  797  789  785  773  746  700  634  562  496  451  441  461  480  473  453
  440  435  431  424  414  402  384  356  319
    12.5-180.0 180.0   5.0 450.0                            LAT/LON1/LON2/DLON/H
  331  285  234  186  149  126  116  112  107   98   90   85   88  104  127  142
  147  155  179  211  235  247  257  271  290  315  349  393  447  504  556  597
  633  682  747  791  782  735  695  689  706  727  747  772  796  811  815  808
  791  773  759  746  725  690  638  569  494  425  377  366  389  415  423  422
  426  434  438  436  428  416  397  369  331
    10.0-180.0 180.0   5.0 450.0                            LAT/LON1/LON2/DLON/H
  332  289  242  199  164  141  129  123  116  105   95   87   89  104  124  137
  141  152  179  213  239  254  266  282  303  330  366  413  467  523  572  609
  641  680  724  746  729  689  668  683  716  741  757  771  782  787  785  777
  763  747  734  720  698  662  609  541  468  402  359  352  376  404  417  423
  433  444  450  447  438  423  401  370  332
     7.5-180.0 180.0   5.0 450.0                            LAT/LON1/LON2/DLON/H
  327  287  246  208  178  155  141  133  124  113  101   92   93  105  121  130
  134  149  180  216  244  263  279  297  319  347  384  432  486  539  582  615
  644  674  700  706  688  666  669  700  738  760  767  767  764  759  753  747
  739  732  727  723  708  676  625  559  489  431  398  398  424  451  462  464
  468  473  471  462  447  428  401  366  327
     5.0-180.0 180.0   5.0 450.0                            LAT/LON1/LON2/DLON/H
  321  282  246  215  190  168  152  141  131  120  108   99   98  107  118  123
  129  148  183  221  252  274  293  313  336  365  402  449  501  551  589  617
  642  667  682  682  673  672  693  731  764  777  773  761  747  735  729  729
  729  733  740  748  744  718  670  606  541  494  473  480  507  530  534  528
  521  513  499  479  457  432  400  362  321
     2.5-180.0 180.0   5.0 450.0                            LAT/LON1/LON2/DLON/H
  317  278  246  221  200  180  161  147  136  126  114  105  103  109  115  117
  124  148  187  227  261  287  309  330  353  382  419  464  513  558  591  616
  639  659  671  673  676  692  725  761  784  785  771  751  732  720  718  722
  729  741  760  780  787  768  724  665  607  570  560  571  596  615  612  595
  575  554  526  495  465  435  400  359  317
