ionex_esag_emptyfiles/esag2690.12i
     1.0            IONOSPHERE MAPS     GPS                 IONEX VERSION / TYPE
GIM V3.0            JPL - GNISD         28-sep-2012 00:52   PGM / RUN BY / DATE 
JPL'S GLOBAL IONOSPHERE MAPS YEAR 2012 DAY 269              COMMENT             
Global Ionospheric Maps (GIM) are generated on an hourly    DESCRIPTION         
and daily basis at JPL using data from up to 100 GPS sites  DESCRIPTION         
of the IGS and others institutions.                         DESCRIPTION         
The vertical TEC is modeled in a solar-geomagnetic          DESCRIPTION         
reference frame using bi-cubic splines on a spherical grid. DESCRIPTION         
A Kalman filter is used to solve simultaneously for         DESCRIPTION         
instrumental biases and VTEC on the grid (as stochastic     DESCRIPTION         
parameters).                                                DESCRIPTION         
Contact Address:  gpsiono@cobra.jpl.nasa.gov .              DESCRIPTION         
  2012     9    25     0     0     0                        EPOCH OF FIRST MAP  
  2012     9    26     0     0     0                        EPOCH OF LAST MAP   
  7200                                                      INTERVAL            
    13                                                      # OF MAPS IN FILE   
  NONE                                                      MAPPING FUNCTION    
    10.0                                                    ELEVATION CUTOFF    
One-way carrier phase leveled to code                       OBSERVABLES USED    
   170                                                      # OF STATIONS       
    31                                                      # OF SATELLITES     
  6371.0                                                    BASE RADIUS         
     2                                                      MAP DIMENSION       
   450.0 450.0   0.0                                        HGT1 / HGT2 / DHGT  
    87.5 -87.5  -2.5                                        LAT1 / LAT2 / DLAT  
  -180.0 180.0   5.0                                        LON1 / LON2 / DLON  
    -1                                                      EXPONENT            
TEC/RMS values in 0.1 TECU; 9999, if no value available     COMMENT             
                                                            END OF HEADER       
[from data line 1716]
     5                                                      START OF TEC MAP    
  2012     9    25     8     0     0                        EPOCH OF CURRENT MAP
    87.5-180.0 180.0   5.0 450.0                            LAT/LON1/LON2/DLON/H
  238  238  238  238  239  239  239  239  239  239  239  239  238  238  238  237
  237  237  237  237  236  236  236  237  237  237  238  238  239  240  241  242
  243  244  245  247  248  249  250  251  252  253  253  254  254  254  254  254
  254  254  253  253  252  251  250  249  248  247  246  245  244  243  242  241
  241  240  239  239  239  238  238  238  238
    85.0-180.0 180.0   5.0 450.0                            LAT/LON1/LON2/DLON/H
  222  223  225  226  227  229  230  231  231  232  231  231  230  229  228  226
  225  224  222  221  220  219  218  218  218  219  220  221  223  225  227  230
  233  236  239  243  246  249  252  255  257  260  261  263  264  264  265  264
  264  262  261  259  257  255  252  249  246  243  240  238  235  232  230  227
  225  224  222  221  221  221  221  221  222
    82.5-180.0 180.0   5.0 450.0                            LAT/LON1/LON2/DLON/H
  200  203  205  209  212  215  218  221  223  224  224  224  222  220  217  214
  211  207  204  201  198  196  195  194  194  195  196  199  202  205  210  214
  220  225  231  237  243  248  254  259  264  268  271  274  276  277  277  277
  275  273  271  268  264  260  255  250  245  240  235  229  224  219  215  211
  207  204  201  199  198  197  197  198  200
    80.0-180.0 180.0   5.0 450.0                            LAT/LON1/LON2/DLON/H
  176  179  183  188  194  199  204  209  212  215  216  215  213  210  205  200
  195  190  184  180  175  172  169  168  168  169  172  175  180  185  191  198
  205  213  222  230  239  248  256  264  270  276  281  286  288  290  291  291
  289  286  283  279  273  268  262  255  248  241  234  227  219  212  205  199
  192  187  182  178  175  173  173  174  176
    77.5-180.0 180.0   5.0 450.0                            LAT/LON1/LON2/DLON/H
  153  156  161  167  173  180  187  193  198  201  203  202  200  196  191  185
  178  171  164  158  152  148  145  144  144  146  149  154  159  166  174  182
  191  201  212  223  234  246  257  267  276  284  291  297  301  303  305  305
  303  301  297  292  287  281  274  267  259  251  243  235  226  217  208  199
  190  181  173  166  160  155  153  152  153
    75.0-180.0 180.0   5.0 450.0                            LAT/LON1/LON2/DLON/H
  136  137  140  145  152  159  166  173  178  182  184  185  184  180  175  168
  161  153  145  138  132  127  124  123  124  126  130  136  143  151  160  169
  179  191  203  215  229  243  256  269  280  290  298  305  310  314  316  318
  317  316  313  309  304  298  291  284  277  270  262  253  244  235  225  214
  203  192  180  169  158  149  142  138  136
    72.5-180.0 180.0   5.0 450.0                            LAT/LON1/LON2/DLON/H
  127  124  124  127  132  138  144  150  155  159  162  164  163  161  157  151
  144  136  129  121  115  110  107  106  107  110  114  121  129  139  149  160
  171  183  195  209  224  239  254  268  281  292  302  309  315  320  324  327
  329  329  328  325  321  316  310  304  297  291  284  276  268  259  249  238
  225  212  198  184  169  155  143  134  127
    70.0-180.0 180.0   5.0 450.0                            LAT/LON1/LON2/DLON/H
  125  118  114  113  115  118  122  127  132  136  139  141  141  140  137  133
  128  122  115  108  101   96   93   92   94   97  102  109  118  129  140  153
  165  177  191  205  220  236  253  268  281  292  301  308  315  321  327  332
  337  340  340  339  336  332  327  322  316  311  305  298  291  283  273  262
  250  236  220  203  185  167  151  137  125
    67.5-180.0 180.0   5.0 450.0                            LAT/LON1/LON2/DLON/H
  128  117  109  105  103  103  105  107  110  113  116  118  119  119  118  116
  113  109  103   97   90   85   82   82   84   87   92   99  108  120  133  147
  161  174  188  203  219  235  252  267  281  291  299  306  312  319  327  335
  342  347  350  351  349  345  341  335  330  324  319  313  307  299  291  281
  269  255  240  222  202  181  161  143  128
    65.0-180.0 180.0   5.0 450.0                            LAT/LON1/LON2/DLON/H
  133  119  108  101   96   93   92   92   93   95   97   99  100  101  102  102
  101   99   95   89   82   78   76   76   78   81   85   92  101  113  127  143
  158  173  188  203  219  236  253  269  282  292  299  305  310  318  327  336
  345  352  357  359  357  354  349  342  335  329  323  317  311  304  295  286
  275  263  249  233  214  193  171  151  133
    62.5-180.0 180.0   5.0 450.0                            LAT/LON1/LON2/DLON/H
  138  122  109  100   93   88   84   83   82   83   84   85   86   87   89   91
   92   92   88   83   78   74   73   74   76   79   82   87   96  108  124  140
  157  174  189  205  222  239  257  273  286  296  302  307  312  320  329  339
  349  357  362  364  363  359  352  344  336  328  321  314  307  299  290  281
  271  260  248  234  218  199  178  157  138
    60.0-180.0 180.0   5.0 450.0                            LAT/LON1/LON2/DLON/H
  142  125  112  101   93   86   81   78   77   77   77   78   78   79   80   83
   86   86   85   81   76   74   73   75   77   79   81   85   94  106  122  139
  158  175  192  209  226  244  262  279  293  303  310  315  320  327  336  345
  354  361  366  368  366  362  354  345  335  325  317  308  300  291  281  271
  260  250  240  230  216  200  181  161  142
    57.5-180.0 180.0   5.0 450.0                            LAT/LON1/LON2/DLON/H
  146  130  116  105   96   88   83   79   77   77   77   76   76   75   76   78
   81   83   83   80   78   76   77   79   80   81   82   85   93  106  122  140
  159  178  195  213  231  250  269  287  303  315  323  329  334  340  347  354
  361  367  370  371  369  365  357  347  336  325  315  306  297  286  274  262
  251  241  233  225  214  201  183  164  146
    55.0-180.0 180.0   5.0 450.0                            LAT/LON1/LON2/DLON/H
  151  135  122  111  102   95   89   84   82   81   80   79   77   75   74   76
   79   82   82   82   81   82   83   86   86   85   84   87   95  108  125  143
  163  181  200  217  236  255  275  295  314  329  340  347  352  356  361  366
  371  374  376  376  373  368  361  351  341  331  321  312  301  290  276  262
  248  237  229  223  215  203  187  169  151
    52.5-180.0 180.0   5.0 450.0                            LAT/LON1/LON2/DLON/H
  157  142  130  120  111  104   98   94   91   89   88   85   81   78   75   76
   79   82   84   86   87   89   93   95   94   91   88   89   97  111  128  147
  167  186  204  222  240  260  282  304  325  343  357  366  371  374  377  379
  381  383  383  381  378  374  367  359  350  342  333  324  314  302  287  271
  256  243  234  227  219  208  192  175  157
    50.0-180.0 180.0   5.0 450.0                            LAT/LON1/LON2/DLON/H
  165  150  139  129  122  115  110  105  102  100   97   94   88   83   78   78
   80   84   88   91   95   99  103  106  104   98   93   92  100  114  132  152
  172  192  210  227  245  265  288  312  335  356  373  384  390  392  392  393
  393  393  392  389  385  381  375  368  361  353  346  338  328  317  302  286
  270  256  246  238  229  216  200  182  165
    47.5-180.0 180.0   5.0 450.0                            LAT/LON1/LON2/DLON/H
  174  160  148  140  133  127  122  117  114  111  108  103   97   89   84   82
   84   88   93   98  104  110  115  117  114  107   99   96  103  117  136  157
  178  198  216  232  249  270  293  318  343  366  386  400  407  408  407  406
  406  405  402  399  394  388  382  376  369  362  355  347  339  328  316  301
  285  271  260  250  240  226  209  191  174
    45.0-180.0 180.0   5.0 450.0                            LAT/LON1/LON2/DLON/H
  182  168  158  150  144  138  133  128  125  122  119  114  107   98   91   88
   90   95  101  107  113  120  126  129  125  116  106  101  106  119  139  161
  183  204  222  238  254  274  298  323  349  373  396  413  421  423  421  420
  420  419  416  411  404  396  389  380  372  363  355  346  339  331  322  310
  297  284  273  262  250  235  217  199  182
    42.5-180.0 180.0   5.0 450.0                            LAT/LON1/LON2/DLON/H
  187  174  165  159  154  147  140  135  133  132  130  126  118  108   99   96
   98  104  111  117  123  130  136  139  136  127  115  107  109  122  142  165
  188  209  227  243  258  278  302  327  352  378  403  423  434  437  436  435
  436  436  432  425  416  405  394  382  370  357  345  334  326  321  316  310
  302  292  282  270  256  239  222  204  187
    40.0-180.0 180.0   5.0 450.0                            LAT/LON1/LON2/DLON/H
  189  177  169  165  160  153  144  138  138  139  140  138  131  120  109  105
  108  114  121  126  132  139  145  148  145  137  124  115  114  126  146  169
  191  212  231  246  263  283  306  330  355  381  408  432  446  451  452  453
  455  456  453  445  433  419  404  388  371  354  337  322  311  307  305  304
  301  295  285  272  255  238  221  204  189
    37.5-180.0 180.0   5.0 450.0                            LAT/LON1/LON2/DLON/H
  184  174  169  167  163  155  145  139  140  145  150  150  144  133  121  115
  117  124  130  135  140  146  152  155  153  146  134  124  122  132  151  173
  194  213  232  249  267  288  310  334  358  384  413  439  457  466  470  474
  479  482  479  471  459  445  429  410  390  368  345  324  308  301  299  300
  300  297  288  272  252  233  215  198  184
    35.0-180.0 180.0   5.0 450.0                            LAT/LON1/LON2/DLON/H
  176  167  164  165  162  154  143  138  141  149  158  162  158  146  132  125
  126  132  138  142  146  152  157  160  159  153  143  134  132  142  160  179
  197  213  231  251  271  293  316  338  362  387  417  446  469  482  491  499
  508  514  514  509  499  488  475  458  436  411  383  354  329  314  306  305
  305  304  295  276  253  231  210  192  176
    32.5-180.0 180.0   5.0 450.0                            LAT/LON1/LON2/DLON/H
  173  161  158  160  159  151  141  136  141  153  165  172  170  157  143  134
  134  138  142  146  150  155  160  163  162  159  152  145  146  156  172  188
  200  213  231  252  276  299  322  344  366  392  422  453  481  501  516  530
  543  554  559  558  556  555  552  541  522  496  462  425  387  357  336  325
  321  319  311  291  264  238  213  191  173
    30.0-180.0 180.0   5.0 450.0                            LAT/LON1/LON2/DLON/H
  180  165  159  158  156  149  140  136  142  154  169  178  177  165  150  141
  139  141  144  148  152  158  162  163  163  162  159  157  160  171  186  199
  207  216  232  256  282  306  329  351  374  399  429  463  495  522  545  566
  586  603  615  622  631  643  654  654  640  613  577  531  478  429  389  363
  350  348  342  322  292  261  231  203  180
    27.5-180.0 180.0   5.0 450.0                            LAT/LON1/LON2/DLON/H
  207  185  173  167  162  154  144  140  144  155  168  178  178  167  154  146
  142  143  145  148  153  159  163  164  165  166  167  169  175  188  202  212
  216  222  238  262  289  315  338  360  384  410  440  476  513  547  578  609
  636  659  676  691  709  736  761  772  764  740  702  650  585  517  458  414
  391  388  386  370  341  307  271  237  207
    25.0-180.0 180.0   5.0 450.0                            LAT/LON1/LON2/DLON/H
  259  229  208  193  182  171  160  151  150  156  165  171  170  162  153  148
  145  144  145  148  154  161  166  167  169  172  176  180  189  203  218  227
  229  233  248  272  299  324  348  372  398  425  456  493  535  576  615  653
  686  712  733  751  776  813  850  871  869  850  815  762  690  609  533  474
  441  437  439  429  402  369  332  294  259
    22.5-180.0 180.0   5.0 450.0                            LAT/LON1/LON2/DLON/H
  327  294  264  239  221  206  190  173  163  161  163  162  157  151  148  147
  146  145  145  148  156  165  172  175  178  183  188  192  200  215  232  242
  244  247  260  283  310  335  360  387  416  446  478  515  559  604  649  691
  727  753  773  790  816  857  900  926  930  918  891  845  776  692  608  537
  495  489  495  490  467  436  400  363  327
    20.0-180.0 180.0   5.0 450.0                            LAT/LON1/LON2/DLON/H
  399  366  332  301  278  261  238  210  187  174  166  157  147  142  143  147
  149  148  147  149  159  171  181  188  194  199  202  203  207  223  243  255
  257  260  273  295  321  346  373  404  439  472  503  539  582  629  676  719
  752  774  787  797  816  852  892  920  930  928  915  885  831  757  675  599
  551  542  548  545  526  498  466  432  399
    17.5-180.0 180.0   5.0 450.0                            LAT/LON1/LON2/DLON/H
  459  431  397  365  343  327  301  262  225  200  182  163  147  140  144  151
  153  152  150  152  163  179  194  204  212  217  217  212  211  225  248  262
  266  270  284  306  331  357  386  422  462  498  528  561  602  646  690  728
  753  766  770  770  778  805  840  868  885  896  901  892  859  804  731  657
  605  590  592  586  569  544  516  487  459
    15.0-180.0 180.0   5.0 450.0                            LAT/LON1/LON2/DLON/H
  495  473  445  418  403  392  365  319  273  239  213  187  163  152  153  159
  161  159  154  155  167  187  205  219  229  233  228  216  209  221  244  262
  268  274  290  313  339  367  398  438  483  521  549  578  614  653  689  718
  735  739  735  726  725  742  769  796  819  843  866  878  869  833  774  704
  652  631  625  614  593  567  540  515  495
    12.5-180.0 180.0   5.0 450.0                            LAT/LON1/LON2/DLON/H
  499  483  465  449  444  443  420  371  321  284  255  226  198  181  175  175
  173  168  161  160  172  194  214  230  239  241  232  213  200  209  232  251
  261  272  291  317  345  373  406  448  497  537  564  589  619  649  676  697
  707  706  697  684  677  685  704  729  757  790  827  856  865  848  801  738
  686  661  648  630  605  574  544  518  499
    10.0-180.0 180.0   5.0 450.0                            LAT/LON1/LON2/DLON/H
  483  468  456  450  457  466  452  409  360  324  297  270  242  220  206  198
  190  180  169  165  177  197  217  232  240  238  224  201  184  190  212  233
  247  264  288  317  346  376  409  452  501  542  570  593  617  639  659  674
  682  681  673  662  654  657  670  691  721  759  801  837  856  849  810  752
  703  678  661  639  608  572  536  505  483
     7.5-180.0 180.0   5.0 450.0                            LAT/LON1/LON2/DLON/H
  458  441  432  432  444  459  454  422  383  353  330  308  284  258  236  220
  206  192  177  171  181  198  214  225  229  224  207  182  165  169  189  211
  231  254  283  313  344  373  405  448  497  539  567  590  609  627  643  658
  671  677  678  674  672  672  677  692  719  755  793  825  843  837  799  744
  701  681  667  644  610  569  526  487  458
     5.0-180.0 180.0   5.0 450.0                            LAT/LON1/LON2/DLON/H
  439  417  408  408  419  433  434  413  384  361  344  330  311  285  258  237
  219  201  184  176  183  196  206  211  212  204  186  161  145  149  169  192
  216  244  276  307  336  365  396  437  485  528  558  581  599  614  632  656
  681  699  710  716  720  718  715  721  741  770  799  819  827  814  773  720
  683  672  666  648  616  572  523  476  439
     2.5-180.0 180.0   5.0 450.0                            LAT/LON1/LON2/DLON/H
  439  410  395  392  396  404  406  393  371  351  337  328  315  292  265  243
  224  205  187  179  183  192  196  196  192  182  164  142  130  135  155  180
  207  238  270  299  326  353  384  423  469  512  544  568  586  603  628  664
  702  732  753  769  780  779  769  766  779  799  813  816  807  783  737  684
  655  654  658  647  621  581  532  482  439
