ionex_esag_emptyfiles/esag2720.12i
     1.0            IONOSPHERE MAPS     GPS                 IONEX VERSION / TYPE
GIM V3.0            JPL - GNISD         01-oct-2012 05:29   PGM / RUN BY / DATE 
JPL'S GLOBAL IONOSPHERE MAPS YEAR 2012 DAY 272              COMMENT             
Global Ionospheric Maps (GIM) are generated on an hourly    DESCRIPTION         
and daily basis at JPL using data from up to 100 GPS sites  DESCRIPTION         
of the IGS and others institutions.                         DESCRIPTION         
The vertical TEC is modeled in a solar-geomagnetic          DESCRIPTION         
reference frame using bi-cubic splines on a spherical grid. DESCRIPTION         
A Kalman filter is used to solve simultaneously for         DESCRIPTION         
instrumental biases and VTEC on the grid (as stochastic     DESCRIPTION         
parameters).                                                DESCRIPTION         
Contact Address:  gpsiono@cobra.jpl.nasa.gov .              DESCRIPTION         
  2012     9    28     0     0     0                        EPOCH OF FIRST MAP  
  2012     9    29     0     0     0                        EPOCH OF LAST MAP   
  7200                                                      INTERVAL            
    13                                                      # OF MAPS IN FILE   
  NONE                                                      MAPPING FUNCTION    
    10.0                                                    ELEVATION CUTOFF    
One-way carrier phase leveled to code                       OBSERVABLES USED    
   170                                                      # OF STATIONS       
    31                                                      # OF SATELLITES     
  6371.0                                                    BASE RADIUS         
     2                                                      MAP DIMENSION       
   450.0 450.0   0.0                                        HGT1 / HGT2 / DHGT  
    87.5 -87.5  -2.5                                        LAT1 / LAT2 / DLAT  
  -180.0 180.0   5.0                                        LON1 / LON2 / DLON  
    -1                                                      EXPONENT            
TEC/RMS values in 0.1 TECU; 9999, if no value available     COMMENT             
                                                            END OF HEADER       
[from data line 3003]
     8                                                      START OF TEC MAP    
  2012     9    28    14     0     0                        EPOCH OF CURRENT MAP
    87.5-180.0 180.0   5.0 450.0                            LAT/LON1/LON2/DLON/H
  193  193  194  195  196  197  197  198  199  200  201  202  203  204  205  206
  207  208  209  210  211  212  213  213  214  215  215  216  216  217  217  217
  217  217  217  216  216  215  214  213  212  211  210  209  208  207  205  204
  203  202  200  199  198  197  196  195  194  194  193  192  192  191  191  191
  190  190  190  191  191  191  192  192  193
    85.0-180.0 180.0   5.0 450.0                            LAT/LON1/LON2/DLON/H
  178  179  181  183  184  186  188  190  192  194  195  197  199  201  202  204
  206  207  209  211  213  215  216  218  220  221  223  224  225  226  227  228
  228  228  228  227  226  225  223  221  219  216  213  211  208  205  202  199
  197  194  192  189  187  185  183  182  180  179  178  177  176  175  174  174
  173  173  173  174  174  175  176  177  178
    82.5-180.0 180.0   5.0 450.0                            LAT/LON1/LON2/DLON/H
  162  164  166  169  172  175  178  181  183  186  189  191  194  196  199  201
  203  206  208  211  213  216  219  221  224  227  230  233  235  237  239  241
  241  242  242  241  239  237  234  230  226  221  217  212  207  202  198  193
  189  185  182  178  175  173  170  168  166  164  162  161  159  158  157  156
  156  156  156  156  156  157  159  160  162
    80.0-180.0 180.0   5.0 450.0                            LAT/LON1/LON2/DLON/H
  145  148  151  154  158  161  165  169  174  177  181  185  188  192  195  198
  201  204  208  211  214  218  222  226  230  234  239  243  247  250  253  255
  257  258  258  256  254  251  246  241  235  229  222  215  208  201  194  188
  183  178  173  169  165  162  159  157  154  152  150  148  146  144  143  142
  141  140  139  139  139  140  141  143  145
    77.5-180.0 180.0   5.0 450.0                            LAT/LON1/LON2/DLON/H
  129  131  134  138  142  146  151  156  161  166  171  176  182  186  191  196
  200  205  209  214  218  223  228  234  239  245  250  255  260  264  268  271
  273  274  274  272  270  266  260  254  246  238  229  220  211  202  194  187
  180  175  170  165  161  157  154  151  148  145  142  140  137  135  133  131
  130  128  127  125  125  125  125  127  129
    75.0-180.0 180.0   5.0 450.0                            LAT/LON1/LON2/DLON/H
  114  116  119  122  126  130  135  140  146  152  159  166  173  180  187  194
  201  207  213  219  225  232  238  245  251  257  263  268  273  278  282  285
  288  289  289  287  284  280  274  267  258  249  239  228  218  208  199  191
  184  178  173  168  163  159  155  150  147  143  139  136  134  131  129  127
  124  121  119  116  114  113  112  112  114
    72.5-180.0 180.0   5.0 450.0                            LAT/LON1/LON2/DLON/H
  102  103  104  107  110  114  118  123  129  136  144  153  163  173  183  192
  201  209  217  226  234  242  250  257  264  270  275  280  285  289  292  295
  298  300  300  299  296  292  286  279  270  260  250  239  229  219  210  201
  194  187  181  176  170  164  159  153  148  144  140  136  133  131  128  126
  123  119  115  111  107  105  102  102  102
    70.0-180.0 180.0   5.0 450.0                            LAT/LON1/LON2/DLON/H
   93   93   94   95   97   99  102  107  113  120  130  140  152  164  176  188
  199  210  221  231  241  251  260  267  274  280  284  288  291  294  296  299
  302  305  306  306  305  301  296  289  281  272  262  252  242  232  223  214
  206  199  192  185  178  170  163  156  150  145  140  137  134  132  129  127
  124  119  115  110  105  100   97   94   93
    67.5-180.0 180.0   5.0 450.0                            LAT/LON1/LON2/DLON/H
   89   88   87   87   87   88   90   93   98  106  115  127  140  153  167  181
  195  208  221  234  246  256  266  274  280  284  287  289  290  292  295  298
  301  305  308  309  309  306  302  297  290  282  274  265  255  246  236  227
  218  210  201  192  183  173  164  156  149  143  139  136  133  132  130  128
  126  122  117  111  105   99   95   92   89
    65.0-180.0 180.0   5.0 450.0                            LAT/LON1/LON2/DLON/H
   90   87   85   84   83   82   83   84   88   94  103  115  128  143  158  173
  188  203  218  232  246  257  266  274  279  282  283  284  285  287  289  293
  297  301  305  308  309  308  306  302  297  292  285  277  268  258  248  238
  228  217  206  195  183  171  160  150  143  138  134  132  131  130  129  129
  128  125  121  115  109  103   97   93   90
    62.5-180.0 180.0   5.0 450.0                            LAT/LON1/LON2/DLON/H
   94   91   88   85   83   81   80   80   81   86   94  105  118  133  149  165
  181  198  214  229  242  254  263  270  274  275  276  276  278  281  284  289
  293  297  300  303  306  307  307  305  303  299  294  288  279  268  257  245
  232  220  206  192  178  164  151  142  135  131  129  128  128  128  129  130
  131  130  127  122  116  110  104   99   94
    60.0-180.0 180.0   5.0 450.0                            LAT/LON1/LON2/DLON/H
  103   99   94   90   87   83   81   79   79   82   88   98  111  126  142  159
  176  193  210  225  239  250  258  264  268  269  270  271  274  278  283  289
  293  295  297  300  302  305  307  308  308  307  304  298  288  276  262  248
  234  219  204  188  172  156  143  134  129  127  126  127  128  129  132  134
  136  137  136  133  127  121  115  109  103
    57.5-180.0 180.0   5.0 450.0                            LAT/LON1/LON2/DLON/H
  116  110  104   99   94   89   86   82   80   81   86   95  108  123  140  158
  175  193  209  224  237  247  255  260  264  266  268  272  277  284  291  296
  299  299  298  298  301  305  309  312  315  315  313  307  297  283  267  251
  235  218  202  185  168  152  140  132  128  127  129  131  134  136  139  143
  146  148  148  145  141  135  128  122  116
    55.0-180.0 180.0   5.0 450.0                            LAT/LON1/LON2/DLON/H
  130  123  116  109  103   98   94   89   86   84   87   96  108  124  142  161
  180  197  213  228  240  248  255  261  265  269  274  280  288  297  305  309
  310  307  304  302  304  308  314  319  323  325  324  318  307  291  273  254
  237  220  203  186  170  156  144  137  135  136  140  143  147  151  154  158
  161  162  162  160  155  150  143  136  130
    52.5-180.0 180.0   5.0 450.0                            LAT/LON1/LON2/DLON/H
  144  136  128  120  114  109  105  100   95   91   92   99  112  129  148  168
  188  206  222  236  247  254  261  266  271  277  285  295  305  314  322  326
  324  319  314  310  312  317  324  330  335  337  336  330  318  301  281  260
  242  225  209  194  180  167  157  151  150  152  156  161  166  171  176  179
  180  180  178  175  170  164  158  151  144
    50.0-180.0 180.0   5.0 450.0                            LAT/LON1/LON2/DLON/H
  156  148  139  130  124  119  116  113  107  101  100  105  118  136  157  178
  199  217  234  247  256  263  269  275  281  289  299  310  322  332  338  341
  338  333  327  324  325  331  338  344  349  350  349  343  331  313  292  270
  251  235  220  206  194  183  174  169  167  169  174  179  186  192  197  200
  200  197  193  188  183  177  171  164  156
    47.5-180.0 180.0   5.0 450.0                            LAT/LON1/LON2/DLON/H
  166  157  147  138  131  128  126  124  119  112  109  113  126  145  167  190
  211  230  246  258  268  274  279  285  292  300  311  324  335  344  350  351
  349  345  341  341  344  350  356  361  364  365  363  357  345  327  306  284
  264  248  233  220  208  198  189  184  182  183  186  191  198  206  212  216
  215  211  205  199  193  187  181  174  166
    45.0-180.0 180.0   5.0 450.0                            LAT/LON1/LON2/DLON/H
  172  162  152  141  134  131  132  132  128  122  118  122  136  155  178  201
  223  242  257  269  278  285  289  294  301  309  320  331  341  349  353  355
  356  356  357  361  367  373  378  380  381  379  377  372  362  346  324  301
  281  262  246  232  218  207  198  192  189  187  188  191  198  206  215  220
  220  217  211  205  199  193  187  180  172
    42.5-180.0 180.0   5.0 450.0                            LAT/LON1/LON2/DLON/H
  174  164  153  141  131  128  130  134  133  129  127  132  146  166  189  212
  234  251  266  278  287  294  297  301  307  314  323  333  341  347  352  356
  361  367  375  384  392  399  402  402  399  397  394  391  384  369  347  323
  300  279  259  240  222  207  196  190  186  182  178  178  182  191  201  210
  214  213  210  206  201  194  188  182  174
    40.0-180.0 180.0   5.0 450.0                            LAT/LON1/LON2/DLON/H
  172  163  151  137  125  120  122  129  133  134  135  143  157  176  199  222
  243  259  273  285  294  301  304  307  310  316  324  331  338  345  351  359
  368  380  395  409  422  429  430  428  423  419  418  417  412  398  377  350
  323  297  271  247  225  207  195  189  185  178  169  164  164  171  181  192
  200  203  203  201  196  190  184  179  172
    37.5-180.0 180.0   5.0 450.0                            LAT/LON1/LON2/DLON/H
  165  157  146  131  116  109  111  119  128  135  143  153  167  186  208  230
  250  265  278  290  300  307  309  310  313  317  324  331  338  346  355  366
  381  399  419  440  457  466  467  462  455  451  451  452  450  437  413  384
  352  320  291  263  238  219  209  205  201  190  177  165  159  160  168  179
  190  197  199  197  190  182  176  170  165
    35.0-180.0 180.0   5.0 450.0                            LAT/LON1/LON2/DLON/H
  155  149  139  124  108   98   99  108  121  135  149  162  177  195  216  237
  255  269  281  293  304  311  313  314  315  320  327  336  345  355  368  383
  402  425  451  477  500  513  515  509  500  494  495  500  498  484  458  425
  389  354  323  296  275  259  253  253  248  234  215  197  183  175  175  184
  195  203  205  200  189  176  166  160  155
    32.5-180.0 180.0   5.0 450.0                            LAT/LON1/LON2/DLON/H
  145  141  133  120  103   91   90   98  113  133  152  168  184  202  222  241
  258  271  283  295  307  314  317  317  319  325  335  347  361  376  393  413
  436  463  492  525  554  573  578  572  559  550  550  555  554  539  512  476
  438  403  375  356  344  340  344  347  341  323  299  274  249  228  217  219
  227  231  229  218  199  178  161  151  145
    30.0-180.0 180.0   5.0 450.0                            LAT/LON1/LON2/DLON/H
  138  133  128  117  102   89   84   89  105  127  150  169  187  206  226  244
  259  272  284  297  308  316  320  321  325  334  348  366  386  409  433  458
  485  514  546  585  622  649  658  649  629  612  608  613  613  599  572  537
  500  469  450  446  451  462  475  480  469  444  415  385  350  315  291  286
  289  288  278  257  225  192  164  147  138
    27.5-180.0 180.0   5.0 450.0                            LAT/LON1/LON2/DLON/H
  135  129  125  116  103   90   82   83   95  116  141  164  185  207  229  247
  261  273  285  298  310  319  324  327  333  346  366  391  421  455  490  522
  552  582  615  658  703  734  743  729  699  672  662  665  669  662  639  606
  573  548  539  549  570  594  613  617  598  566  535  502  459  412  379  367
  366  362  346  314  269  221  180  151  135
    25.0-180.0 180.0   5.0 450.0                            LAT/LON1/LON2/DLON/H
  139  129  124  117  106   92   81   77   84  102  125  151  177  206  231  250
  263  275  287  300  313  322  330  335  344  361  387  421  465  516  565  608
  641  666  695  737  782  813  819  798  759  720  703  706  717  721  706  677
  646  624  620  640  672  703  723  721  694  657  625  593  548  497  459  445
  442  435  415  376  321  260  204  163  139
    22.5-180.0 180.0   5.0 450.0                            LAT/LON1/LON2/DLON/H
  146  131  125  119  109   94   80   72   74   86  107  134  166  202  233  254
  267  279  291  304  316  327  338  347  359  380  410  454  515  589  657  708
  740  756  772  805  845  871  871  843  794  748  725  729  752  770  764  737
  704  680  674  695  728  756  767  755  722  685  656  628  590  544  510  499
  499  492  471  429  367  297  231  179  146
    20.0-180.0 180.0   5.0 450.0                            LAT/LON1/LON2/DLON/H
  154  134  126  120  110   94   78   68   66   72   89  117  155  198  235  259
  273  284  297  309  322  335  349  363  379  402  437  489  569  666  751  807
  832  833  831  849  877  892  882  848  799  753  730  738  771  802  803  775
  736  700  682  690  710  722  716  694  662  631  610  592  568  538  518  515
  519  516  498  458  397  325  254  194  154
    17.5-180.0 180.0   5.0 450.0                            LAT/LON1/LON2/DLON/H
  161  137  126  120  110   93   77   67   62   64   77  104  145  194  236  263
  279  292  304  317  330  346  364  382  402  428  464  523  618  733  829  884
  898  880  857  854  863  865  850  820  780  744  725  737  776  814  815  782
  730  674  633  621  623  616  595  567  542  525  515  510  503  495  492  497
  503  503  489  455  401  335  266  205  161
    15.0-180.0 180.0   5.0 450.0                            LAT/LON1/LON2/DLON/H
  164  137  125  118  108   91   75   67   63   63   72   97  140  191  236  266
  285  301  314  327  341  359  381  404  427  455  492  555  657  779  877  922
  919  880  836  814  808  803  792  773  750  729  719  732  770  802  796  754
  689  614  551  519  503  480  446  417  405  405  408  414  425  439  451  461
  467  467  455  426  381  325  265  208  164
    12.5-180.0 180.0   5.0 450.0                            LAT/LON1/LON2/DLON/H
  162  134  121  115  104   87   73   69   67   67   74   97  138  189  234  267
  291  311  327  340  355  374  400  427  453  482  520  581  681  795  878  905
  884  832  779  747  735  731  729  728  725  722  720  730  756  773  756  706
  632  543  462  414  387  354  314  290  293  310  324  339  364  393  415  424
  427  422  410  385  347  303  255  205  162
    10.0-180.0 180.0   5.0 450.0                            LAT/LON1/LON2/DLON/H
  159  129  115  110   99   83   72   70   72   72   79  101  140  187  230  266
  296  321  341  356  372  392  420  450  479  509  546  602  687  780  838  845
  813  759  709  678  668  673  686  703  720  730  731  734  742  739  710  656
  579  483  394  339  310  279  245  230  246  276  297  316  345  379  400  403
  396  384  367  343  312  278  241  200  159
     7.5-180.0 180.0   5.0 450.0                            LAT/LON1/LON2/DLON/H
  155  124  110  104   94   79   69   70   74   76   84  106  143  185  226  264
  301  333  357  375  391  413  441  473  504  535  571  619  684  746  777  768
  731  685  648  630  632  651  681  713  738  750  748  741  732  712  674  620
  546  454  369  320  300  279  255  250  275  308  330  348  373  401  414  406
  387  365  341  313  283  256  229  194  155
     5.0-180.0 180.0   5.0 450.0                            LAT/LON1/LON2/DLON/H
  154  123  107  101   91   77   68   67   71   76   86  110  145  185  224  264
  307  344  373  394  412  433  462  495  527  559  593  633  676  709  716  696
  664  636  622  625  644  676  713  746  768  773  764  748  727  698  661  613
  549  467  392  354  344  337  326  330  356  386  404  414  430  445  445  424
  395  364  333  299  268  244  222  192  154
     2.5-180.0 180.0   5.0 450.0                            LAT/LON1/LON2/DLON/H
  157  126  109  101   92   78   68   65   67   72   85  112  147  186  224  267
  314  356  388  412  432  453  482  515  548  582  614  646  671  681  672  653
  637  633  642  663  693  729  763  788  796  788  770  749  727  703  674  635
  579  508  448  421  422  429  433  444  467  488  496  495  497  497  482  450
  412  374  337  298  264  240  221  194  157
