ionex_esag_emptyfiles/esag2710.12i
     1.0            IONOSPHERE MAPS     GPS                 IONEX VERSION / TYPE
GIM V3.0            JPL - GNISD         30-sep-2012 05:29   PGM / RUN BY / DATE 
JPL'S GLOBAL IONOSPHERE MAPS YEAR 2012 DAY 271              COMMENT             
Global Ionospheric Maps (GIM) are generated on an hourly    DESCRIPTION         
and daily basis at JPL using data from up to 100 GPS sites  DESCRIPTION         
of the IGS and others institutions.                         DESCRIPTION         
The vertical TEC is modeled in a solar-geomagnetic          DESCRIPTION         
reference frame using bi-cubic splines on a spherical grid. DESCRIPTION         
A Kalman filter is used to solve simultaneously for         DESCRIPTION         
instrumental biases and VTEC on the grid (as stochastic     DESCRIPTION         
parameters).                                                DESCRIPTION         
Contact Address:  gpsiono@cobra.jpl.nasa.gov .              DESCRIPTION         
  2012     9    27     0     0     0                        EPOCH OF FIRST MAP  
  2012     9    28     0     0     0                        EPOCH OF LAST MAP   
  7200                                                      INTERVAL            
    13                                                      # OF MAPS IN FILE   
  NONE                                                      MAPPING FUNCTION    
    10.0                                                    ELEVATION CUTOFF    
One-way carrier phase leveled to code                       OBSERVABLES USED    
   170                                                      # OF STATIONS       
    31                                                      # OF SATELLITES     
  6371.0                                                    BASE RADIUS         
     2                                                      MAP DIMENSION       
   450.0 450.0   0.0                                        HGT1 / HGT2 / DHGT  
    87.5 -87.5  -2.5                                        LAT1 / LAT2 / DLAT  
  -180.0 180.0   5.0                                        LON1 / LON2 / DLON  
    -1                                                      EXPONENT            
TEC/RMS values in 0.1 TECU; 9999, if no value available     COMMENT             
                                                            END OF HEADER       
[from data line 5148]
    13                                                      START OF TEC MAP    
  2012     9    28     0     0     0                        EPOCH OF CURRENT MAP
    87.5-180.0 180.0   5.0 450.0                            LAT/LON1/LON2/DLON/H
  191  192  193  194  194  195  196  196  196  196  197  196  196  196  195  195
  194  193  192  191  190  189  188  187  185  184  183  181  180  178  177  176
  174  173  172  171  170  169  168  167  167  166  165  165  165  165  164  164
  165  165  165  166  166  167  168  169  170  171  172  173  174  176  177  179
  180  181  183  184  186  187  188  190  191
    85.0-180.0 180.0   5.0 450.0                            LAT/LON1/LON2/DLON/H
  203  205  207  209  210  211  212  213  213  214  213  213  213  212  211  209
  208  206  204  202  200  198  196  193  191  188  185  183  180  177  175  172
  170  168  166  164  162  160  159  157  156  155  154  154  153  152  152  152
  152  152  153  154  154  156  157  159  161  163  165  167  170  172  175  178
  181  184  187  190  193  195  198  201  203
    82.5-180.0 180.0   5.0 450.0                            LAT/LON1/LON2/DLON/H
  216  219  221  224  226  227  228  229  229  229  229  228  227  226  224  222
  220  218  215  212  209  206  202  199  195  191  187  183  180  176  172  168
  165  162  159  156  154  152  151  149  148  147  146  145  144  143  143  142
  142  142  142  143  144  146  148  150  153  156  159  163  166  170  174  179
  183  187  192  196  200  204  208  212  216
    80.0-180.0 180.0   5.0 450.0                            LAT/LON1/LON2/DLON/H
  228  232  235  238  240  242  243  243  243  243  242  241  239  237  235  233
  230  227  224  220  216  212  208  203  198  193  188  183  178  173  168  163
  158  154  151  147  145  143  142  141  140  139  138  137  136  135  134  134
  133  133  133  134  136  138  140  144  147  151  155  160  165  170  175  180
  186  192  197  203  208  214  219  224  228
    77.5-180.0 180.0   5.0 450.0                            LAT/LON1/LON2/DLON/H
  240  245  248  251  253  254  255  255  255  254  253  251  249  247  244  241
  238  234  229  225  220  216  210  205  200  194  188  182  175  169  163  156
  151  145  141  137  134  132  131  131  130  130  130  129  128  127  125  124
  123  123  123  125  127  130  134  138  143  149  154  160  166  172  178  184
  190  197  203  210  216  223  229  235  240
    75.0-180.0 180.0   5.0 450.0                            LAT/LON1/LON2/DLON/H
  251  256  260  262  264  265  266  266  265  265  263  262  259  256  252  248
  243  238  233  228  223  217  211  205  199  193  187  180  172  165  157  150
  143  137  131  126  123  121  120  119  119  120  120  119  118  116  114  112
  111  111  112  114  118  122  128  135  141  148  155  162  169  176  182  189
  195  202  209  216  224  231  238  245  251
    72.5-180.0 180.0   5.0 450.0                            LAT/LON1/LON2/DLON/H
  261  266  270  273  274  275  276  276  275  275  274  272  269  265  260  254
  248  242  236  230  224  218  211  204  198  191  184  177  170  161  153  144
  136  128  122  116  112  109  108  107  108  108  108  107  106  103  101   98
   96   96   98  102  108  115  124  132  141  150  159  167  175  182  189  195
  202  208  215  223  231  239  247  254  261
    70.0-180.0 180.0   5.0 450.0                            LAT/LON1/LON2/DLON/H
  270  275  279  282  283  284  285  285  285  285  284  282  278  273  267  260
  253  246  239  232  225  218  211  203  195  188  181  174  167  158  149  139
  130  121  113  107  103   99   97   96   96   96   95   94   92   89   86   83
   82   82   85   91   99  109  120  132  143  154  165  174  183  191  197  203
  209  215  222  229  238  246  255  263  270
    67.5-180.0 180.0   5.0 450.0                            LAT/LON1/LON2/DLON/H
  279  284  288  290  292  292  292  292  293  293  292  290  287  281  274  266
  259  251  244  237  229  220  211  202  193  185  178  171  164  155  146  135
  125  115  107  100   95   91   89   87   86   85   84   83   81   78   74   72
   71   72   76   83   93  105  119  133  146  160  172  184  194  202  208  214
  219  224  230  237  245  254  263  271  279
    65.0-180.0 180.0   5.0 450.0                            LAT/LON1/LON2/DLON/H
  289  294  298  300  300  299  298  297  297  298  298  297  293  288  281  273
  266  259  251  243  234  224  214  203  193  183  175  168  161  153  144  133
  122  112  103   97   91   87   84   81   79   78   76   75   73   70   68   66
   66   68   73   81   92  105  120  136  151  167  182  195  206  215  221  226
  230  235  240  246  254  263  272  281  289
    62.5-180.0 180.0   5.0 450.0                            LAT/LON1/LON2/DLON/H
  300  306  310  311  310  306  303  300  300  300  301  301  299  294  288  281
  274  267  259  251  241  230  218  206  194  183  174  167  160  153  143  132
  121  111  102   96   91   87   83   80   77   75   73   72   71   70   69   69
   70   73   78   86   97  110  125  141  158  175  192  207  220  229  236  240
  244  248  252  258  265  274  283  292  300
    60.0-180.0 180.0   5.0 450.0                            LAT/LON1/LON2/DLON/H
  315  322  326  327  323  316  309  304  301  301  303  303  303  300  295  289
  282  275  267  258  248  236  223  209  196  185  175  168  161  154  145  134
  122  112  104   98   94   90   87   83   80   78   77   76   76   77   78   80
   82   85   90   96  106  117  132  148  165  183  202  219  233  243  250  255
  259  262  266  272  278  287  296  306  315
    57.5-180.0 180.0   5.0 450.0                            LAT/LON1/LON2/DLON/H
  333  343  348  348  341  330  319  310  305  303  304  306  306  306  302  297
  289  280  272  263  253  241  228  215  201  190  180  173  166  159  150  138
  126  115  108  103  100   97   94   91   88   87   86   87   88   90   92   96
   99  102  106  110  118  128  141  156  173  192  211  229  244  255  263  269
  274  279  283  288  294  302  312  322  333
    55.0-180.0 180.0   5.0 450.0                            LAT/LON1/LON2/DLON/H
  355  367  374  374  365  351  335  322  313  309  308  310  311  312  309  303
  293  283  274  265  256  246  234  221  209  198  189  182  175  167  157  145
  131  120  113  110  108  106  104  102  101  100  100  101  102  105  109  113
  118  121  123  126  131  139  151  165  182  200  218  236  251  264  274  283
  290  296  302  307  313  321  331  342  355
    52.5-180.0 180.0   5.0 450.0                            LAT/LON1/LON2/DLON/H
  380  393  402  402  393  377  358  341  328  320  317  317  319  320  317  309
  297  284  274  266  258  249  239  228  218  208  200  193  186  177  166  152
  138  127  120  118  117  117  116  115  115  116  116  117  118  121  125  130
  135  139  140  141  144  151  162  176  191  207  224  240  255  269  282  294
  306  315  323  328  335  343  353  366  380
    50.0-180.0 180.0   5.0 450.0                            LAT/LON1/LON2/DLON/H
  406  419  429  430  421  404  384  365  349  338  331  329  329  329  326  316
  300  285  273  266  260  253  245  236  228  220  213  205  197  187  174  159
  145  134  128  127  127  128  128  128  129  131  131  132  132  133  137  143
  149  153  155  155  157  163  173  186  200  214  228  242  257  272  287  304
  320  334  344  352  359  368  379  392  406
    47.5-180.0 180.0   5.0 450.0                            LAT/LON1/LON2/DLON/H
  431  443  451  453  446  430  411  391  374  360  350  344  343  342  337  325
  306  288  275  268  263  258  252  245  238  231  224  216  206  194  179  164
  150  140  136  136  137  138  138  139  140  142  143  142  142  143  146  152
  159  165  167  167  168  174  184  197  209  220  232  244  258  273  291  311
  331  350  364  375  384  395  407  419  431
    45.0-180.0 180.0   5.0 450.0                            LAT/LON1/LON2/DLON/H
  454  462  467  469  464  452  435  416  398  382  370  362  359  357  351  337
  316  296  282  274  270  266  261  255  248  240  233  223  211  197  182  167
  154  146  143  144  145  145  145  145  147  148  149  149  149  149  153  159
  167  173  176  176  178  184  195  207  218  227  236  246  259  274  292  315
  339  361  379  394  407  420  434  445  454
    42.5-180.0 180.0   5.0 450.0                            LAT/LON1/LON2/DLON/H
  475  478  480  480  476  467  453  437  420  404  390  381  376  374  367  351
  329  308  294  285  281  277  272  265  256  247  238  227  213  198  183  169
  158  151  149  151  151  149  147  146  148  151  153  154  155  156  159  165
  173  180  183  184  186  193  205  217  227  234  241  249  261  275  292  315
  340  365  387  406  424  442  458  470  475
    40.0-180.0 180.0   5.0 450.0                            LAT/LON1/LON2/DLON/H
  496  495  493  491  487  479  467  453  438  423  409  399  394  391  383  367
  345  324  308  299  294  290  284  275  265  253  242  229  215  200  185  172
  162  155  154  155  154  150  146  144  147  152  156  159  162  164  167  171
  178  184  187  188  191  200  213  226  235  241  246  254  264  276  292  312
  337  362  387  410  433  457  479  492  496
    37.5-180.0 180.0   5.0 450.0                            LAT/LON1/LON2/DLON/H
  518  515  510  506  501  493  482  468  454  440  427  417  412  407  399  382
  361  340  324  314  307  301  294  285  273  259  246  233  220  206  192  178
  167  160  157  158  157  151  145  143  147  154  160  167  172  176  177  179
  182  185  188  190  194  204  219  233  242  248  253  261  270  281  294  311
  334  359  384  411  439  469  495  513  518
    35.0-180.0 180.0   5.0 450.0                            LAT/LON1/LON2/DLON/H
  545  543  537  530  523  513  500  485  470  457  445  435  429  422  412  396
  375  355  339  326  317  309  302  293  281  266  252  240  230  218  205  191
  177  167  163  164  163  157  149  147  151  160  169  179  186  190  188  185
  184  185  185  187  193  205  222  238  248  255  261  270  279  288  299  315
  335  360  387  416  448  482  514  536  545
    32.5-180.0 180.0   5.0 450.0                            LAT/LON1/LON2/DLON/H
  579  581  575  566  555  542  526  508  491  477  465  455  447  437  425  408
  387  367  350  335  322  311  304  298  288  274  261  253  248  239  226  210
  194  180  175  177  177  170  162  159  163  172  182  192  200  202  197  189
  184  180  180  182  189  202  221  239  252  262  270  280  291  301  312  327
  348  373  401  432  466  504  539  566  579
    30.0-180.0 180.0   5.0 450.0                            LAT/LON1/LON2/DLON/H
  625  631  626  615  600  583  562  539  518  502  490  479  467  454  439  421
  400  380  360  341  323  309  303  302  297  286  276  273  273  269  256  238
  218  202  198  201  202  196  186  179  180  186  195  204  209  208  199  188
  178  171  170  172  180  195  215  237  255  268  280  293  305  318  332  350
  374  402  433  466  501  539  575  606  625
    27.5-180.0 180.0   5.0 450.0                            LAT/LON1/LON2/DLON/H
  683  693  690  677  658  636  609  580  553  534  521  508  491  474  457  439
  417  395  371  348  326  310  306  310  311  304  299  301  307  306  294  275
  253  236  234  240  241  232  217  204  199  201  206  209  209  204  192  178
  165  158  156  160  169  185  207  232  256  274  291  306  322  338  357  381
  410  444  480  517  554  591  627  659  683
    25.0-180.0 180.0   5.0 450.0                            LAT/LON1/LON2/DLON/H
  752  768  767  753  730  702  669  632  598  576  560  543  521  500  482  464
  442  416  389  361  338  323  322  329  333  331  330  338  349  351  340  319
  297  282  282  289  287  271  248  228  215  211  211  207  198  186  173  160
  148  142  141  146  156  173  197  227  256  280  300  319  338  359  385  416
  452  492  533  574  614  652  688  723  752
    22.5-180.0 180.0   5.0 450.0                            LAT/LON1/LON2/DLON/H
  824  848  855  843  817  782  742  696  656  629  609  586  558  533  516  500
  477  448  415  385  363  356  359  364  368  369  374  386  399  403  391  370
  348  334  334  339  330  306  274  243  222  213  207  195  176  160  148  138
  129  124  125  131  143  161  187  221  255  285  309  331  354  381  414  452
  493  538  583  628  670  709  747  787  824
    20.0-180.0 180.0   5.0 450.0                            LAT/LON1/LON2/DLON/H
  881  917  936  933  911  875  828  775  727  694  669  639  603  575  560  545
  522  490  454  422  408  413  421  420  416  420  430  444  456  458  444  422
  398  383  381  380  363  328  285  245  217  205  198  179  153  132  122  116
  111  109  111  118  131  150  178  216  255  288  316  341  368  400  440  484
  529  575  620  665  708  749  790  835  881
    17.5-180.0 180.0   5.0 450.0                            LAT/LON1/LON2/DLON/H
  908  956  990 1004  994  964  920  867  814  774  740  702  660  628  612  599
  575  542  503  472  468  487  500  489  475  477  491  505  514  510  493  467
  441  423  415  405  376  331  280  234  204  193  186  165  133  110  101   99
   97   97  100  108  121  141  172  213  256  292  321  349  380  418  463  511
  557  599  637  676  716  758  803  854  908
    15.0-180.0 180.0   5.0 450.0                            LAT/LON1/LON2/DLON/H
  887  946  997 1033 1044 1032 1000  955  906  863  823  778  728  690  671  657
  634  601  561  531  535  567  582  561  536  536  550  562  564  554  532  502
  471  447  429  407  369  318  265  218  188  180  176  155  122   98   90   89
   88   89   93  100  112  134  167  211  257  295  326  357  391  433  483  534
  577  612  640  666  697  735  778  829  887
    12.5-180.0 180.0   5.0 450.0                            LAT/LON1/LON2/DLON/H
  815  873  936  998 1043 1059 1049 1021  983  944  906  859  805  760  735  719
  696  666  628  597  604  640  655  625  593  590  602  608  602  584  555  520
  485  454  427  395  351  299  247  203  177  172  172  154  123  100   90   86
   84   86   89   94  107  130  165  212  259  299  332  364  402  447  500  551
  592  619  635  647  665  692  726  766  815
    10.0-180.0 180.0   5.0 450.0                            LAT/LON1/LON2/DLON/H
  715  755  814  893  972 1027 1048 1046 1028 1002  970  928  876  829  798  778
  757  734  701  667  666  695  704  671  637  633  639  637  622  597  562  523
  485  450  417  377  330  280  234  196  175  174  175  159  133  111   98   89
   85   86   87   91  103  128  166  215  264  304  338  372  412  459  513  565
  603  625  632  631  634  647  666  687  715
     7.5-180.0 180.0   5.0 450.0                            LAT/LON1/LON2/DLON/H
  615  627  668  750  851  935  984 1011 1023 1019 1001  970  926  881  848  826
  810  798  771  731  713  724  724  692  664  660  658  646  625  595  558  516
  477  442  406  363  317  272  232  202  186  184  183  169  147  127  110   97
   90   89   88   90  101  129  170  220  269  310  344  379  421  469  523  573
  611  634  638  630  621  618  617  614  615
     5.0-180.0 180.0   5.0 450.0                            LAT/LON1/LON2/DLON/H
  545  525  539  610  718  814  877  923  960  981  983  969  941  906  876  855
  845  844  825  779  739  726  714  687  669  666  657  637  613  583  545  504
  466  434  401  361  319  279  243  216  202  198  193  180  162  142  123  106
   97   94   91   91  102  131  174  225  275  315  349  385  428  476  527  576
  617  645  656  651  637  621  601  573  545
     2.5-180.0 180.0   5.0 450.0                            LAT/LON1/LON2/DLON/H
  535  487  469  517  611  699  760  811  863  900  915  916  908  893  872  856
  852  861  850  796  735  699  676  655  647  646  632  610  587  563  530  490
  457  432  406  372  334  295  259  234  220  213  203  190  173  154  133  115
  105  100   96   93  103  134  179  230  279  319  352  389  432  479  526  573
  617  654  677  682  672  651  622  583  535
