ionex_esag_emptyfiles/esag2680.12i
     1.0            IONOSPHERE MAPS     GPS                 IONEX VERSION / TYPE
GIM V3.0            JPL - GNISD         27-sep-2012 00:43   PGM / RUN BY / DATE 
JPL'S GLOBAL IONOSPHERE MAPS YEAR 2012 DAY 268              COMMENT             
Global Ionospheric Maps (GIM) are generated on an hourly    DESCRIPTION         
and daily basis at JPL using data from up to 100 GPS sites  DESCRIPTION         
of the IGS and others institutions.                         DESCRIPTION         
The vertical TEC is modeled in a solar-geomagnetic          DESCRIPTION         
reference frame using bi-cubic splines on a spherical grid. DESCRIPTION         
A Kalman filter is used to solve simultaneously for         DESCRIPTION         
instrumental biases and VTEC on the grid (as stochastic     DESCRIPTION         
parameters).                                                DESCRIPTION         
Contact Address:  gpsiono@cobra.jpl.nasa.gov .              DESCRIPTION         
  2012     9    24     0     0     0                        EPOCH OF FIRST MAP  
  2012     9    25     0     0     0                        EPOCH OF LAST MAP   
  7200                                                      INTERVAL            
    13                                                      # OF MAPS IN FILE   
  NONE                                                      MAPPING FUNCTION    
    10.0                                                    ELEVATION CUTOFF    
One-way carrier phase leveled to code                       OBSERVABLES USED    
   170                                                      # OF STATIONS       
    31                                                      # OF SATELLITES     
  6371.0                                                    BASE RADIUS         
     2                                                      MAP DIMENSION       
   450.0 450.0   0.0                                        HGT1 / HGT2 / DHGT  
    87.5 -87.5  -2.5                                        LAT1 / LAT2 / DLAT  
  -180.0 180.0   5.0                                        LON1 / LON2 / DLON  
    -1                                                      EXPONENT            
TEC/RMS values in 0.1 TECU; 9999, if no value available     COMMENT             
                                                            END OF HEADER       
[from data line 3432]
     9                                                      START OF TEC MAP    
  2012     9    24    16     0     0                        EPOCH OF CURRENT MAP
    87.5-180.0 180.0   5.0 450.0                            LAT/LON1/LON2/DLON/H
  211  212  213  214  216  217  218  219  220  221  222  223  224  225  226  226
  227  227  228  228  228  228  228  228  228  228  228  227  227  226  225  225
  224  223  222  221  220  219  218  216  215  214  213  212  211  210  209  208
  207  206  205  205  204  204  203  203  202  202  202  202  202  203  203  203
  204  204  205  206  206  207  208  209  211
    85.0-180.0 180.0   5.0 450.0                            LAT/LON1/LON2/DLON/H
  198  200  203  206  208  211  214  217  219  221  223  225  227  228  230  231
  232  232  233  234  234  234  235  235  235  234  234  233  232  232  230  229
  228  226  224  222  220  218  215  213  210  207  204  202  199  197  195  193
  191  190  188  187  186  185  185  184  184  183  183  183  183  183  183  184
  184  185  186  188  189  191  193  195  198
    82.5-180.0 180.0   5.0 450.0                            LAT/LON1/LON2/DLON/H
  180  184  188  193  197  202  206  211  215  219  222  225  227  229  231  233
  234  236  237  238  238  239  240  240  240  240  240  240  240  239  238  237
  235  233  231  228  225  221  216  212  207  202  197  192  188  184  180  177
  174  172  170  168  167  166  166  165  164  164  163  162  162  161  161  161
  162  162  164  165  167  170  173  176  180
    80.0-180.0 180.0   5.0 450.0                            LAT/LON1/LON2/DLON/H
  159  164  170  176  182  188  194  200  206  212  216  221  225  228  231  233
  236  238  240  241  243  244  246  247  249  250  250  251  251  251  250  249
  248  245  243  239  235  230  224  217  210  202  195  187  180  173  168  163
  159  156  153  152  150  149  148  148  147  146  144  143  142  140  139  139
  139  139  140  141  143  146  150  154  159
    77.5-180.0 180.0   5.0 450.0                            LAT/LON1/LON2/DLON/H
  136  142  148  155  162  170  177  185  192  199  206  213  219  224  229  233
  237  241  244  247  250  253  256  259  261  263  264  265  265  265  264  262
  261  258  256  252  247  242  235  227  218  208  198  188  178  168  160  154
  148  145  142  140  138  137  136  135  134  132  130  127  125  123  121  119
  118  117  118  118  120  123  127  131  136
    75.0-180.0 180.0   5.0 450.0                            LAT/LON1/LON2/DLON/H
  114  120  126  133  141  148  157  165  174  184  194  203  212  221  228  235
  241  246  251  256  261  266  270  274  278  280  282  282  281  279  277  275
  272  269  266  263  259  253  247  238  228  217  205  193  181  170  160  152
  145  141  137  135  133  131  130  128  126  123  120  116  113  109  106  104
  101  100   99  100  101  103  106  109  114
    72.5-180.0 180.0   5.0 450.0                            LAT/LON1/LON2/DLON/H
   95  100  106  112  119  127  136  146  156  168  181  194  207  219  229  238
  246  253  260  267  274  280  286  291  295  298  299  298  295  292  288  284
  280  277  274  270  266  262  255  248  238  227  214  202  189  177  166  156
  149  143  138  135  132  129  127  124  121  117  113  108  104   99   95   92
   89   87   86   85   85   86   88   91   95
    70.0-180.0 180.0   5.0 450.0                            LAT/LON1/LON2/DLON/H
   81   85   89   95  102  109  118  129  141  156  171  188  203  218  231  242
  252  261  270  278  287  294  299  304  308  311  312  310  305  299  293  288
  284  280  277  274  271  266  261  254  245  234  223  211  199  186  175  164
  155  147  141  136  132  129  125  121  117  112  107  102   97   93   88   85
   81   78   76   75   74   74   75   78   81
    67.5-180.0 180.0   5.0 450.0                            LAT/LON1/LON2/DLON/H
   71   75   79   84   91   98  107  119  132  148  166  184  202  219  234  247
  259  269  279  289  297  303  308  311  315  317  317  314  307  300  293  287
  283  280  278  275  272  268  263  256  248  239  229  218  207  196  184  172
  162  152  144  137  131  126  121  116  112  107  102   98   93   89   84   80
   77   73   70   68   67   66   67   68   71
    65.0-180.0 180.0   5.0 450.0                            LAT/LON1/LON2/DLON/H
   66   70   74   80   87   95  105  117  131  147  165  184  203  221  238  252
  265  277  287  297  303  307  309  310  311  313  313  310  303  296  289  284
  282  280  278  276  273  268  262  256  249  241  233  224  214  203  191  178
  166  153  142  133  125  119  113  109  105  101   97   94   90   87   83   80
   76   72   68   65   64   63   63   64   66
    62.5-180.0 180.0   5.0 450.0                            LAT/LON1/LON2/DLON/H
   67   71   76   82   90   99  110  122  136  152  168  187  206  225  242  257
  271  283  293  301  306  306  304  302  302  303  304  302  297  291  286  284
  284  284  283  280  275  269  262  256  249  242  236  228  219  208  195  181
  165  150  136  125  116  109  103  100   97   95   93   91   90   88   86   82
   78   73   69   66   64   64   64   65   67
    60.0-180.0 180.0   5.0 450.0                            LAT/LON1/LON2/DLON/H
   73   76   82   89   98  108  120  133  146  160  175  192  210  229  247  263
  276  288  297  303  305  302  296  291  289  291  293  293  291  288  287  289
  293  295  294  289  281  273  265  257  251  245  239  233  224  212  197  180
  162  144  129  116  106   99   95   92   91   91   91   92   93   93   92   89
   84   79   74   70   69   68   69   70   73
    57.5-180.0 180.0   5.0 450.0                            LAT/LON1/LON2/DLON/H
   81   85   91   99  110  122  134  147  159  171  183  198  215  234  252  268
  281  292  299  304  303  296  288  281  279  281  286  289  290  291  295  301
  309  312  309  301  290  279  270  263  257  252  246  239  229  215  198  179
  159  140  123  110  101   95   91   90   90   92   94   97  100  102  102   99
   94   87   82   78   76   76   77   79   81
    55.0-180.0 180.0   5.0 450.0                            LAT/LON1/LON2/DLON/H
   92   96  102  111  123  136  150  163  174  184  194  207  223  240  258  273
  285  294  301  303  300  293  283  275  273  278  285  292  296  301  307  317
  326  329  325  314  300  288  279  273  268  263  257  248  236  220  201  180
  159  139  123  111  104   99   97   96   96   99  103  108  112  116  117  114
  107  100   92   88   86   86   87   89   92
    52.5-180.0 180.0   5.0 450.0                            LAT/LON1/LON2/DLON/H
  101  106  113  123  136  151  166  180  191  200  208  218  232  249  265  278
  289  297  301  303  299  291  282  275  275  282  292  301  308  313  321  330
  338  341  334  321  308  297  290  285  282  277  270  260  245  227  207  184
  163  145  131  122  117  114  111  109  110  112  116  122  128  133  135  132
  124  115  106   99   96   96   97   99  101
    50.0-180.0 180.0   5.0 450.0                            LAT/LON1/LON2/DLON/H
  109  113  121  132  147  163  181  196  209  218  225  234  245  258  272  284
  292  298  302  303  300  293  285  279  281  290  302  313  321  326  331  337
  341  339  331  320  310  304  302  300  297  293  285  273  257  237  215  193
  173  156  145  138  135  133  129  126  125  126  130  136  144  150  153  150
  141  130  119  111  106  104  105  106  109
    47.5-180.0 180.0   5.0 450.0                            LAT/LON1/LON2/DLON/H
  112  116  124  136  153  172  192  210  225  236  245  252  260  269  280  289
  295  300  304  305  302  296  290  287  290  300  314  326  334  337  336  333
  331  326  320  314  311  313  314  315  313  308  299  287  270  249  226  204
  185  170  160  155  153  150  146  142  139  139  142  148  156  163  167  164
  155  144  132  121  114  111  110  111  112
    45.0-180.0 180.0   5.0 450.0                            LAT/LON1/LON2/DLON/H
  113  115  122  135  152  174  197  220  239  253  263  270  275  281  287  293
  298  303  307  308  307  303  298  296  300  311  324  336  344  343  335  325
  318  315  312  313  318  325  330  331  328  322  312  300  282  261  238  216
  197  183  173  168  164  161  156  150  146  145  147  153  161  169  173  170
  163  153  140  129  121  116  114  113  113
    42.5-180.0 180.0   5.0 450.0                            LAT/LON1/LON2/DLON/H
  111  111  117  128  146  169  195  222  246  265  278  286  290  292  295  298
  302  307  311  314  314  311  308  307  311  320  332  344  351  349  338  325
  319  321  325  331  340  349  352  350  344  336  326  313  295  272  248  226
  208  193  181  172  164  159  153  149  145  144  145  150  158  165  168  167
  162  154  144  133  124  119  116  113  111
    40.0-180.0 180.0   5.0 450.0                            LAT/LON1/LON2/DLON/H
  109  107  110  119  136  159  187  216  245  269  287  298  302  302  303  304
  307  312  317  321  322  321  319  318  321  329  339  350  358  359  351  345
  348  361  374  382  388  390  385  376  364  353  342  327  307  282  257  234
  215  198  182  168  156  149  145  142  139  139  140  144  150  156  158  157
  154  149  142  134  126  121  117  114  109
    37.5-180.0 180.0   5.0 450.0                            LAT/LON1/LON2/DLON/H
  109  105  104  111  125  146  174  205  237  266  289  304  310  311  310  310
  313  318  325  330  332  333  331  331  332  338  346  356  367  376  381  393
  418  451  471  474  465  450  431  411  394  378  364  345  320  291  264  241
  222  205  187  167  151  142  139  138  137  136  137  140  145  149  149  147
  145  142  138  132  126  122  119  115  109
    35.0-180.0 180.0   5.0 450.0                            LAT/LON1/LON2/DLON/H
  111  105  102  105  115  133  160  192  225  257  285  305  316  319  319  318
  320  326  333  339  343  345  344  344  345  348  354  364  380  402  432  474
  529  583  607  595  563  527  491  459  435  415  395  368  334  300  272  253
  238  223  204  181  160  149  146  145  143  140  140  144  148  150  148  143
  138  135  132  129  126  124  121  117  111
    32.5-180.0 180.0   5.0 450.0                            LAT/LON1/LON2/DLON/H
  115  109  104  103  109  124  147  179  213  248  279  304  320  326  327  328
  330  335  342  349  355  357  358  358  358  360  365  375  397  438  498  574
  661  734  759  731  675  615  562  521  491  465  436  397  353  314  288  275
  269  261  244  219  195  181  176  172  165  158  155  160  166  168  163  152
  139  131  128  127  126  125  124  121  115
    30.0-180.0 180.0   5.0 450.0                            LAT/LON1/LON2/DLON/H
  120  113  107  104  106  117  138  169  204  240  274  303  322  332  336  338
  340  345  353  360  366  370  372  373  374  375  380  392  420  478  567  676
  790  879  905  863  785  706  640  592  555  521  481  430  377  334  314  315
  323  326  314  290  262  242  230  218  203  187  181  188  198  201  193  174
  150  133  126  126  126  127  126  124  120
    27.5-180.0 180.0   5.0 450.0                            LAT/LON1/LON2/DLON/H
  124  118  111  106  106  114  133  164  200  237  272  302  324  337  344  348
  352  358  365  372  378  383  386  389  392  396  404  418  451  522  632  764
  895  992 1019  970  880  788  714  660  616  572  522  463  403  363  355  374
  401  415  407  380  347  318  296  274  247  224  215  224  239  244  233  205
  168  139  128  127  128  128  129  128  124
    25.0-180.0 180.0   5.0 450.0                            LAT/LON1/LON2/DLON/H
  127  121  114  108  106  112  131  162  199  237  272  302  324  339  350  358
  365  372  380  387  392  396  400  405  413  424  438  455  491  567  686  826
  960 1056 1085 1039  947  850  770  711  661  609  551  488  431  399  404  442
  485  506  498  468  429  392  359  327  292  261  250  264  283  289  275  239
  190  150  133  130  130  130  130  130  127
    22.5-180.0 180.0   5.0 450.0                            LAT/LON1/LON2/DLON/H
  127  121  114  108  106  113  132  164  202  239  273  302  323  340  355  368
  380  390  398  404  407  409  414  422  438  461  486  509  544  615  726  856
  981 1071 1103 1065  978  879  796  734  678  619  560  502  455  432  449  499
  551  575  565  532  489  446  406  367  326  293  284  301  324  331  314  270
  212  164  141  136  134  132  131  130  127
    20.0-180.0 180.0   5.0 450.0                            LAT/LON1/LON2/DLON/H
  125  118  111  106  106  115  136  169  207  243  275  302  322  340  360  379
  396  410  419  424  424  424  427  440  466  506  547  575  606  664  754  862
  967 1045 1076 1046  965  865  780  716  659  603  550  504  468  455  477  529
  580  598  584  549  506  463  424  385  347  317  312  334  359  363  342  295
  233  181  154  144  138  133  130  128  125
    17.5-180.0 180.0   5.0 450.0                            LAT/LON1/LON2/DLON/H
  119  112  105  102  105  117  142  176  211  246  277  302  322  343  366  391
  414  433  444  447  444  441  444  461  499  556  612  645  669  708  770  847
  925  985 1010  983  903  803  723  666  617  570  529  494  468  459  477  517
  551  558  540  511  479  448  418  387  357  335  336  361  384  384  358  311
  252  200  171  155  144  135  128  124  119
    15.0-180.0 180.0   5.0 450.0                            LAT/LON1/LON2/DLON/H
  110  102   96   95  102  119  148  182  215  248  279  304  325  349  376  406
  435  457  470  474  469  463  467  488  535  605  672  709  724  741  773  816
  863  900  912  882  804  711  643  602  568  535  506  478  454  439  443  460
  472  468  456  443  430  418  402  384  365  353  359  382  401  395  365  320
  268  220  188  167  150  136  125  117  110
    12.5-180.0 180.0   5.0 450.0                            LAT/LON1/LON2/DLON/H
   97   88   83   85   97  119  152  186  219  250  281  308  332  360  391  425
  458  484  499  503  499  495  500  525  576  650  720  754  760  757  760  771
  788  803  801  767  694  614  565  544  529  512  492  463  429  402  388  381
  373  365  364  371  382  391  393  388  380  376  382  399  409  395  363  323
  279  237  203  177  155  135  120  107   97
    10.0-180.0 180.0   5.0 450.0                            LAT/LON1/LON2/DLON/H
   83   73   68   73   89  116  152  188  221  253  284  314  343  375  410  447
  482  511  529  536  536  537  547  573  622  688  747  773  771  754  734  720
  714  710  698  663  601  540  513  513  518  515  496  456  404  361  332  308
  288  281  295  324  357  387  404  410  409  407  409  412  407  386  354  320
  285  248  213  183  156  134  114   97   83
     7.5-180.0 180.0   5.0 450.0                            LAT/LON1/LON2/DLON/H
   72   59   55   61   79  108  147  187  224  257  290  322  356  392  431  470
  506  537  558  570  578  588  605  632  670  717  756  771  762  737  705  676
  654  639  624  595  550  514  510  525  539  541  517  460  389  333  294  264
  245  251  282  327  375  416  441  450  450  446  435  419  397  369  338  311
  284  252  215  182  154  130  108   88   72
     5.0-180.0 180.0   5.0 450.0                            LAT/LON1/LON2/DLON/H
   65   51   46   52   70   99  140  185  227  264  299  334  371  410  450  490
  527  559  583  601  619  641  665  690  716  738  752  755  744  718  682  647
  621  606  596  583  561  547  554  571  584  582  550  478  393  329  291  270
  267  289  328  374  422  464  488  495  492  481  458  421  382  348  320  299
  278  247  210  175  147  125  104   83   65
     2.5-180.0 180.0   5.0 450.0                            LAT/LON1/LON2/DLON/H
   66   51   44   49   65   93  134  184  233  275  311  347  386  427  467  506
  542  575  602  625  653  685  716  739  751  750  742  735  726  704  672  644
  627  622  624  624  619  619  627  636  640  630  589  508  420  359  327  319
  335  369  406  439  476  509  527  530  523  506  470  416  362  325  301  285
  267  238  199  164  139  119  102   84   66
