ionex_esag_emptyfiles/esag0310.12i
     1.0            IONOSPHERE MAPS     GPS                 IONEX VERSION / TYPE
GIM V3.0            JPL - GNISD         03-feb-2012 05:33   PGM / RUN BY / DATE 
JPL'S GLOBAL IONOSPHERE MAPS YEAR 2012 DAY 031              COMMENT             
Global Ionospheric Maps (GIM) are generated on an hourly    DESCRIPTION         
and daily basis at JPL using data from up to 100 GPS sites  DESCRIPTION         
of the IGS and others institutions.                         DESCRIPTION         
The vertical TEC is modeled in a solar-geomagnetic          DESCRIPTION         
reference frame using bi-cubic splines on a spherical grid. DESCRIPTION         
A Kalman filter is used to solve simultaneously for         DESCRIPTION         
instrumental biases and VTEC on the grid (as stochastic     DESCRIPTION         
parameters).                                                DESCRIPTION         
Contact Address:  gpsiono@cobra.jpl.nasa.gov .              DESCRIPTION         
  2012     1    31     0     0     0                        EPOCH OF FIRST MAP  
  2012     2     1     0     0     0                        EPOCH OF LAST MAP   
  7200                                                      INTERVAL            
    13                                                      # OF MAPS IN FILE   
  NONE                                                      MAPPING FUNCTION    
    10.0                                                    ELEVATION CUTOFF    
One-way carrier phase leveled to code                       OBSERVABLES USED    
   170                                                      # OF STATIONS       
    31                                                      # OF SATELLITES     
  6371.0                                                    BASE RADIUS         
     2                                                      MAP DIMENSION       
   450.0 450.0   0.0                                        HGT1 / HGT2 / DHGT  
    87.5 -87.5  -2.5                                        LAT1 / LAT2 / DLAT  
  -180.0 180.0   5.0                                        LON1 / LON2 / DLON  
    -1                                                      EXPONENT            
TEC/RMS values in 0.1 TECU; 9999, if no value available     COMMENT             
                                                            END OF HEADER       
[from data line 1287]
     4                                                      START OF TEC MAP    
  2012     1    31     6     0     0                        EPOCH OF CURRENT MAP
    87.5-180.0 180.0   5.0 450.0                            LAT/LON1/LON2/DLON/H
   79   79   78   78   77   77   77   77   77   77   77   78   78   78   79   79
   80   81   81   82   83   83   84   85   85   86   87   87   88   88   89   89
   90   90   90   91   91   91   92   92   92   93   93   93   93   94   94   94
   94   94   94   94   94   94   93   93   92   92   91   91   90   89   88   87
   86   85   84   83   82   82   81   80   79
    85.0-180.0 180.0   5.0 450.0                            LAT/LON1/LON2/DLON/H
   74   72   71   71   70   70   70   70   70   71   71   72   73   75   76   77
   78   80   81   83   84   85   87   88   89   90   91   92   93   93   94   94
   95   95   95   95   95   96   96   96   97   97   98   99  100  100  101  102
  103  104  104  105  105  105  105  105  104  103  102  101   99   97   95   93
   91   88   86   84   81   79   77   75   74
    82.5-180.0 180.0   5.0 450.0                            LAT/LON1/LON2/DLON/H
   71   69   67   67   66   66   66   67   68   69   70   72   73   75   76   78
   80   82   84   85   87   89   91   93   94   95   97   98   98   99   99   99
   99   99   98   98   97   97   96   96   97   98   99  100  102  104  106  108
  111  113  115  116  118  119  119  119  119  118  117  115  112  109  106  103
   99   95   91   87   83   79   76   73   71
    80.0-180.0 180.0   5.0 450.0                            LAT/LON1/LON2/DLON/H
   71   69   68   68   68   68   69   70   71   72   73   75   76   78   79   81
   83   85   87   89   91   93   95   97   98  100  101  103  104  104  104  104
  103  102  100   98   96   95   93   92   92   93   95   97  100  104  108  112
  117  121  125  128  131  133  135  136  136  135  134  132  129  125  120  115
  110  104   98   93   87   82   78   74   71
    77.5-180.0 180.0   5.0 450.0                            LAT/LON1/LON2/DLON/H
   75   73   73   73   73   74   75   76   76   77   77   78   78   80   81   83
   85   87   89   90   92   94   96   98  100  102  104  105  107  107  107  107
  105  103  100   97   93   90   87   85   85   85   87   91   95  101  107  114
  121  128  135  140  145  149  152  154  155  155  153  151  148  143  138  132
  125  117  110  102   95   88   83   78   75
    75.0-180.0 180.0   5.0 450.0                            LAT/LON1/LON2/DLON/H
   82   80   79   79   79   80   81   81   81   80   79   79   79   80   81   83
   85   86   88   90   91   93   94   96   98  101  103  105  107  108  108  107
  105  102   98   93   88   84   80   77   76   76   79   84   90   98  107  117
  126  136  145  153  160  165  169  172  174  175  174  172  168  163  157  150
  142  133  124  115  106   98   91   85   82
    72.5-180.0 180.0   5.0 450.0                            LAT/LON1/LON2/DLON/H
   88   85   84   83   84   85   85   84   82   81   79   78   78   78   80   81
   83   85   86   88   89   90   91   92   94   97   99  102  104  106  106  105
  102   98   93   87   81   76   71   68   67   68   71   77   86   96  108  120
  133  145  156  166  174  181  187  191  193  194  193  191  188  183  177  169
  161  151  140  129  119  109  100   93   88
    70.0-180.0 180.0   5.0 450.0                            LAT/LON1/LON2/DLON/H
   92   87   85   84   84   85   84   83   81   79   77   76   75   76   77   79
   81   83   84   85   85   85   86   87   89   92   94   97  100  101  102  101
   97   93   87   80   74   68   63   60   59   61   66   74   85   97  112  126
  141  155  168  179  189  197  203  208  211  212  211  209  205  200  194  186
  177  166  155  143  131  120  109  100   92
    67.5-180.0 180.0   5.0 450.0                            LAT/LON1/LON2/DLON/H
   94   86   82   80   80   80   80   79   78   75   73   72   72   72   74   76
   78   80   82   82   81   81   81   82   84   86   89   92   94   96   96   95
   91   86   80   73   66   60   56   53   54   57   64   74   86  101  118  134
  151  166  180  193  204  212  219  224  226  227  225  223  218  212  205  197
  188  178  166  154  142  129  116  104   94
    65.0-180.0 180.0   5.0 450.0                            LAT/LON1/LON2/DLON/H
   94   84   77   74   73   73   73   73   72   71   69   68   68   69   71   73
   76   79   80   79   78   77   77   78   80   82   85   87   89   90   90   88
   85   79   72   65   59   54   51   50   51   56   64   76   91  108  126  145
  163  179  194  207  218  226  233  237  239  238  236  231  225  218  210  201
  192  182  172  161  148  135  120  106   94
    62.5-180.0 180.0   5.0 450.0                            LAT/LON1/LON2/DLON/H
   93   81   73   68   66   66   66   66   66   66   65   65   65   66   68   71
   74   77   78   77   75   74   73   74   76   78   81   83   84   85   84   82
   77   71   65   58   53   49   48   48   51   58   68   81   98  117  137  157
  176  193  208  221  231  239  245  248  249  248  243  236  228  219  209  199
  190  181  172  162  151  139  124  108   93
    60.0-180.0 180.0   5.0 450.0                            LAT/LON1/LON2/DLON/H
   96   82   72   65   62   61   61   61   62   62   62   62   62   63   65   69
   72   75   76   75   73   71   70   71   73   75   77   79   80   80   78   75
   70   64   57   52   48   46   46   48   53   62   74   89  107  128  149  171
  190  208  223  235  244  251  256  258  258  255  249  241  231  219  207  196
  186  177  169  162  153  142  127  112   96
    57.5-180.0 180.0   5.0 450.0                            LAT/LON1/LON2/DLON/H
  102   88   77   69   64   61   60   60   60   60   60   60   60   61   63   66
   70   72   73   72   69   67   66   67   69   71   74   76   76   76   74   70
   64   58   52   47   45   44   46   51   58   69   82   99  119  141  163  185
  205  223  237  248  256  262  266  267  266  263  257  248  236  223  209  196
  184  175  168  162  155  146  133  118  102
    55.0-180.0 180.0   5.0 450.0                            LAT/LON1/LON2/DLON/H
  112   99   87   78   72   67   63   62   61   60   60   59   59   60   61   64
   66   68   69   67   65   63   62   63   65   68   71   73   74   73   70   65
   59   53   48   45   44   46   49   55   64   77   93  112  132  154  177  199
  220  237  251  261  268  272  274  275  274  271  267  259  248  233  218  202
  189  178  171  165  160  152  140  126  112
    52.5-180.0 180.0   5.0 450.0                            LAT/LON1/LON2/DLON/H
  123  111  100   90   83   76   71   67   65   63   61   60   59   59   60   61
   63   64   64   63   61   58   58   59   61   65   68   71   73   71   68   63
   57   52   48   48   49   51   55   61   73   88  105  125  145  167  190  212
  233  250  263  272  278  281  282  281  281  280  278  273  264  250  234  217
  201  188  179  173  168  160  149  136  123
    50.0-180.0 180.0   5.0 450.0                            LAT/LON1/LON2/DLON/H
  133  122  112  103   94   87   81   75   71   67   64   62   60   59   59   59
   60   61   61   60   57   55   55   56   59   63   68   72   73   72   67   62
   57   54   53   55   58   60   63   70   82   99  118  138  158  180  202  224
  244  261  273  282  286  288  287  286  285  287  288  287  280  268  252  234
  216  202  191  184  178  170  159  146  133
    47.5-180.0 180.0   5.0 450.0                            LAT/LON1/LON2/DLON/H
  141  130  121  112  104   96   89   83   78   73   68   65   62   60   59   59
   59   60   60   59   58   56   55   57   60   65   71   76   78   75   70   64
   60   59   61   65   70   72   74   81   94  112  131  150  170  190  212  233
  253  269  282  289  292  292  291  288  288  290  294  295  291  281  266  248
  231  215  204  196  189  179  167  154  141
    45.0-180.0 180.0   5.0 450.0                            LAT/LON1/LON2/DLON/H
  145  134  125  116  109  102   95   89   83   78   73   69   65   63   62   61
   61   62   63   63   63   61   61   62   66   72   79   84   86   82   75   69
   65   66   70   77   82   84   86   92  106  125  145  163  180  199  220  241
  260  276  288  294  296  295  291  288  286  288  292  295  292  284  271  255
  239  224  213  206  198  187  173  159  145
    42.5-180.0 180.0   5.0 450.0                            LAT/LON1/LON2/DLON/H
  147  135  124  116  109  103   97   92   88   84   80   75   70   68   66   66
   66   68   70   73   74   73   73   75   79   85   92   97   98   91   82   74
   71   73   79   86   92   94   96  103  119  139  158  174  189  207  226  247
  265  280  291  297  297  294  289  285  281  281  283  284  281  273  263  250
  237  226  218  211  203  191  176  161  147
    40.0-180.0 180.0   5.0 450.0                            LAT/LON1/LON2/DLON/H
  145  132  121  112  105  100   95   92   90   90   87   83   78   74   73   73
   74   76   81   86   89   90   90   92   95  101  107  112  111  102   90   81
   77   80   86   93   98  100  104  113  131  153  171  185  198  214  232  251
  268  283  293  298  298  294  289  283  278  274  272  269  265  257  248  238
  229  221  216  211  203  190  176  160  145
    37.5-180.0 180.0   5.0 450.0                            LAT/LON1/LON2/DLON/H
  142  128  116  107  100   95   91   90   92   96   97   93   88   83   81   81
   83   86   93  100  106  108  109  110  113  117  123  126  123  112   97   86
   82   84   90   95   99  103  109  122  143  165  183  195  206  220  237  255
  272  286  297  303  302  299  293  287  280  273  266  260  254  246  238  229
  223  218  216  211  202  188  172  157  142
    35.0-180.0 180.0   5.0 450.0                            LAT/LON1/LON2/DLON/H
  140  124  111  101   94   89   86   87   93  101  106  105  100   94   91   90
   92   97  105  114  121  124  126  127  128  131  135  136  132  119  103   91
   86   88   92   95   99  103  113  129  153  176  193  203  213  227  244  262
  279  295  308  315  316  313  308  301  293  283  273  265  258  250  241  233
  227  225  224  219  206  189  171  155  140
    32.5-180.0 180.0   5.0 450.0                            LAT/LON1/LON2/DLON/H
  141  123  108   96   89   85   83   86   94  106  115  115  111  105  100   99
  101  107  116  125  132  136  138  138  139  139  141  141  136  123  108   95
   90   91   93   95   97  103  115  135  161  185  201  211  221  236  255  274
  294  312  329  339  343  342  338  331  322  310  299  291  286  279  269  259
  252  249  247  240  223  200  178  158  141
    30.0-180.0 180.0   5.0 450.0                            LAT/LON1/LON2/DLON/H
  149  127  109   96   88   83   82   85   95  108  120  122  119  113  108  106
  110  116  123  131  138  142  144  144  143  142  142  140  136  126  112  101
   96   95   95   96   97  104  118  141  169  194  209  219  231  248  270  293
  318  342  364  379  386  386  382  375  364  353  343  338  337  333  322  309
  299  294  290  281  259  228  197  171  149
    27.5-180.0 180.0   5.0 450.0                            LAT/LON1/LON2/DLON/H
  166  140  120  104   93   86   84   86   94  106  118  123  122  117  112  111
  115  122  127  133  138  143  145  145  144  142  140  138  135  128  118  109
  104  101  100   98   99  106  122  147  176  202  218  229  244  266  292  321
  353  383  410  428  437  438  434  425  415  404  396  396  400  398  387  372
  360  354  350  341  316  275  232  196  166
    25.0-180.0 180.0   5.0 450.0                            LAT/LON1/LON2/DLON/H
  195  164  141  123  106   94   90   89   94  102  112  117  118  115  113  113
  118  124  128  131  135  139  143  144  144  142  139  136  135  132  127  122
  117  111  106  102  103  111  127  153  184  211  228  242  262  289  320  355
  392  428  457  477  486  488  484  476  466  457  451  455  462  463  452  436
  422  416  414  408  383  335  281  233  195
    22.5-180.0 180.0   5.0 450.0                            LAT/LON1/LON2/DLON/H
  232  199  176  154  128  109   99   96   96   99  105  110  111  110  109  112
  118  122  124  125  129  134  138  142  144  143  140  138  139  140  140  138
  133  123  113  107  108  116  133  160  192  220  241  259  283  314  349  389
  430  468  497  515  525  527  524  518  511  504  500  504  513  514  503  486
  473  468  471  470  447  395  333  277  232
    20.0-180.0 180.0   5.0 450.0                            LAT/LON1/LON2/DLON/H
  273  241  220  194  158  129  113  107  104  103  105  106  107  106  106  110
  116  118  118  117  121  127  134  140  146  148  146  144  146  150  154  155
  149  136  121  112  113  122  140  168  200  231  254  277  305  339  376  417
  458  494  520  534  542  545  547  546  544  540  536  539  544  542  529  512
  501  500  508  514  496  446  381  320  273
    17.5-180.0 180.0   5.0 450.0                            LAT/LON1/LON2/DLON/H
  312  284  266  237  192  152  132  124  120  118  116  113  110  108  109  113
  117  117  113  111  114  121  130  140  150  155  154  153  156  161  167  170
  163  146  127  117  117  128  148  176  209  241  267  294  325  360  397  435
  472  502  520  531  538  545  554  562  567  565  561  560  559  552  535  518
  508  508  518  529  519  476  416  358  312
    15.0-180.0 180.0   5.0 450.0                            LAT/LON1/LON2/DLON/H
  346  323  308  277  224  177  153  146  146  146  142  135  128  124  123  126
  127  123  116  111  112  119  130  143  156  164  164  162  164  170  176  178
  170  151  130  119  121  134  156  185  218  250  279  308  341  375  409  441
  471  492  504  511  520  534  551  568  580  583  579  573  565  553  534  516
  506  505  513  523  518  485  436  386  346
    12.5-180.0 180.0   5.0 450.0                            LAT/LON1/LON2/DLON/H
  373  353  339  307  252  200  174  169  175  181  179  171  161  155  153  153
  151  142  130  122  119  123  134  148  163  172  172  169  170  173  177  177
  169  150  130  120  124  139  163  193  226  257  288  319  351  383  412  438
  459  473  480  486  498  519  544  569  587  594  591  582  570  554  536  519
  508  503  504  509  504  481  444  405  373
    10.0-180.0 180.0   5.0 450.0                            LAT/LON1/LON2/DLON/H
  394  375  358  326  272  221  194  191  201  214  216  210  201  196  195  194
  190  177  161  147  138  138  145  158  172  180  178  173  171  172  172  169
  161  145  129  122  127  145  170  200  232  264  294  325  356  385  410  429
  443  450  455  462  480  509  541  569  589  600  601  593  580  566  553  541
  528  515  505  499  492  476  450  421  394
     7.5-180.0 180.0   5.0 450.0                            LAT/LON1/LON2/DLON/H
  412  391  370  336  287  239  211  206  219  237  244  242  239  238  239  240
  236  222  203  183  168  161  162  171  182  187  182  174  169  166  162  157
  149  139  128  124  132  151  178  207  238  268  297  327  356  382  402  417
  425  430  436  449  474  510  545  571  589  602  609  605  596  590  589  585
  573  553  528  506  491  478  460  437  412
     5.0-180.0 180.0   5.0 450.0                            LAT/LON1/LON2/DLON/H
  432  405  377  343  298  254  224  215  223  241  253  258  263  270  277  282
  279  266  246  223  202  188  183  186  191  192  183  172  164  158  151  144
  138  133  128  129  139  159  184  212  241  270  297  325  351  374  391  402
  409  415  426  446  477  518  553  574  586  600  614  618  615  620  634  642
  633  608  570  534  511  497  480  458  432
     2.5-180.0 180.0   5.0 450.0                            LAT/LON1/LON2/DLON/H
  453  420  386  350  309  268  236  218  218  229  241  252  267  284  298  308
  309  300  281  258  234  216  205  201  201  195  182  168  157  148  140  134
  131  131  131  135  147  165  189  215  242  269  294  319  343  363  378  388
  396  406  422  449  487  529  562  575  581  596  617  628  633  650  679  699
  695  667  620  573  544  528  510  484  453
