ionex_esag_emptyfiles/esag0310.12i
     1.0            IONOSPHERE MAPS     GPS                 IONEX VERSION / TYPE
GIM V3.0            JPL - GNISD         03-feb-2012 05:33   PGM / RUN BY / DATE 
JPL'S GLOBAL IONOSPHERE MAPS YEAR 2012 DAY 031              COMMENT             
Global Ionospheric Maps (GIM) are generated on an hourly    DESCRIPTION         
and daily basis at JPL using data from up to 100 GPS sites  DESCRIPTION         
of the IGS and others institutions.                         DESCRIPTION         
The vertical TEC is modeled in a solar-geomagnetic          DESCRIPTION         
reference frame using bi-cubic splines on a spherical grid. DESCRIPTION         
A Kalman filter is used to solve simultaneously for         DESCRIPTION         
instrumental biases and VTEC on the grid (as stochastic     DESCRIPTION         
parameters).                                                DESCRIPTION         
Contact Address:  gpsiono@cobra.jpl.nasa.gov .              DESCRIPTION         
  2012     1    31     0     0     0                        EPOCH OF FIRST MAP  
  2012     2     1     0     0     0                        EPOCH OF LAST MAP   
  7200                                                      INTERVAL            
    13                                                      # OF MAPS IN FILE   
  NONE                                                      MAPPING FUNCTION    
    10.0                                                    ELEVATION CUTOFF    
One-way carrier phase leveled to code                       OBSERVABLES USED    
   170                                                      # OF STATIONS       
    31                                                      # OF SATELLITES     
  6371.0                                                    BASE RADIUS         
     2                                                      MAP DIMENSION       
   450.0 450.0   0.0                                        HGT1 / HGT2 / DHGT  
    87.5 -87.5  -2.5                                        LAT1 / LAT2 / DLAT  
  -180.0 180.0   5.0                                        LON1 / LON2 / DLON  
    -1                                                      EXPONENT            
TEC/RMS values in 0.1 TECU; 9999, if no value available     COMMENT             
                                                            END OF HEADER       
[from data line 4719]
    12                                                      START OF TEC MAP    
  2012     1    31    22     0     0                        EPOCH OF CURRENT MAP
    87.5-180.0 180.0   5.0 450.0                            LAT/LON1/LON2/DLON/H
  108  109  109  110  110  111  111  111  111  111  110  110  110  109  108  108
  107  106  105  104  104  103  102  101  101  100  100   99   99   98   98   98
   98   98   98   98   98   99   99   99   99  100  100  100  101  101  101  101
  102  102  102  102  102  102  102  102  102  103  103  103  103  103  103  104
  104  104  105  105  106  107  107  108  108
    85.0-180.0 180.0   5.0 450.0                            LAT/LON1/LON2/DLON/H
  111  113  115  117  118  120  121  122  122  122  121  120  119  117  115  113
  111  108  106  104  101   99   97   95   93   91   90   89   88   88   87   87
   87   87   88   88   89   90   90   91   92   93   94   95   95   96   97   97
   98   98   99   99   99   98   98   98   97   97   96   96   96   96   96   97
   97   98   99  101  102  104  106  108  111
    82.5-180.0 180.0   5.0 450.0                            LAT/LON1/LON2/DLON/H
  113  117  121  125  129  132  134  136  137  137  136  135  133  130  126  123
  118  114  109  104  100   95   91   88   85   82   80   78   77   76   75   75
   76   76   77   78   79   80   81   82   84   85   86   87   89   90   91   92
   92   93   93   93   93   92   92   91   89   88   87   86   85   85   85   85
   86   88   90   93   96  100  104  108  113
    80.0-180.0 180.0   5.0 450.0                            LAT/LON1/LON2/DLON/H
  114  121  127  133  139  144  148  151  153  154  154  152  149  146  141  136
  130  123  116  109  102   95   89   83   79   75   71   69   67   66   66   66
   66   67   68   69   70   71   73   74   75   76   78   79   80   81   83   84
   84   85   85   85   85   84   83   81   79   77   76   74   73   72   72   72
   73   76   79   83   88   94  100  107  114
    77.5-180.0 180.0   5.0 450.0                            LAT/LON1/LON2/DLON/H
  115  124  133  141  149  155  161  165  169  171  172  171  169  165  159  153
  145  137  128  119  109  100   92   84   77   72   67   64   61   60   59   59
   59   60   61   62   63   64   65   66   67   68   69   70   71   72   73   74
   74   74   74   74   73   72   71   69   67   65   63   61   60   59   58   59
   61   64   68   74   80   88   96  105  115
    75.0-180.0 180.0   5.0 450.0                            LAT/LON1/LON2/DLON/H
  115  127  138  148  157  166  173  179  184  187  189  190  188  185  180  173
  165  155  144  134  122  111  101   91   82   74   68   63   60   57   56   55
   55   55   56   57   57   58   59   59   60   60   61   61   62   62   62   62
   62   62   61   60   60   59   57   56   54   52   50   49   48   47   47   48
   50   54   59   66   73   82   93  104  115
    72.5-180.0 180.0   5.0 450.0                            LAT/LON1/LON2/DLON/H
  117  130  143  155  166  175  184  191  197  202  206  207  207  204  199  192
  184  173  162  151  139  126  114  101   90   80   72   65   61   57   55   53
   52   52   52   53   53   53   53   53   53   53   53   52   52   51   51   50
   49   48   47   46   45   44   44   43   41   40   39   38   38   38   38   40
   42   46   52   59   68   78   90  103  117
    70.0-180.0 180.0   5.0 450.0                            LAT/LON1/LON2/DLON/H
  120  135  150  163  174  184  193  201  209  215  219  221  222  219  214  208
  199  190  179  168  155  142  128  114  100   87   77   69   63   59   55   53
   52   51   50   50   50   50   49   48   47   46   45   44   43   42   40   39
   38   37   35   34   33   32   32   32   31   31   31   31   31   32   33   34
   37   42   47   55   64   76   89  104  120
    67.5-180.0 180.0   5.0 450.0                            LAT/LON1/LON2/DLON/H
  125  142  158  171  183  193  202  210  217  223  228  231  231  229  224  217
  210  202  192  182  170  156  142  126  109   95   82   73   66   60   56   54
   51   50   49   49   48   48   46   45   43   40   38   36   35   34   32   31
   30   28   27   26   25   25   25   25   26   26   27   28   28   29   31   33
   36   40   46   54   64   76   91  108  125
    65.0-180.0 180.0   5.0 450.0                            LAT/LON1/LON2/DLON/H
  133  151  167  180  191  200  208  215  222  228  233  235  235  233  228  222
  215  208  201  191  180  167  152  135  117  100   86   75   67   62   58   54
   52   50   48   48   47   46   45   43   40   36   34   31   30   29   28   27
   26   25   24   24   24   24   24   25   26   27   28   29   30   32   34   36
   39   43   49   56   66   80   96  114  133
    62.5-180.0 180.0   5.0 450.0                            LAT/LON1/LON2/DLON/H
  143  161  177  190  199  207  213  219  224  228  232  235  235  233  228  223
  218  212  205  197  187  175  160  142  123  105   89   77   69   64   59   56
   52   50   48   47   46   46   45   42   39   35   32   30   29   28   28   28
   28   28   28   29   29   29   30   30   31   32   34   35   36   37   39   42
   45   49   55   63   73   87  105  124  143
    60.0-180.0 180.0   5.0 450.0                            LAT/LON1/LON2/DLON/H
  154  173  188  199  208  214  218  220  223  226  229  231  231  230  227  223
  219  214  208  201  192  180  166  148  128  109   92   80   72   66   61   57
   53   49   47   46   46   46   46   44   41   37   34   33   32   32   33   34
   35   36   37   38   38   39   39   40   41   42   43   43   44   45   47   50
   53   58   64   73   84   98  116  135  154
    57.5-180.0 180.0   5.0 450.0                            LAT/LON1/LON2/DLON/H
  167  184  199  210  217  222  223  223  223  223  224  226  227  226  225  222
  219  216  211  204  196  185  171  153  134  114   97   84   76   69   64   59
   54   50   47   46   47   48   49   48   46   43   41   39   39   40   42   44
   46   48   49   50   51   51   52   53   54   54   54   54   54   54   56   58
   63   68   75   84   96  111  128  148  167
    55.0-180.0 180.0   5.0 450.0                            LAT/LON1/LON2/DLON/H
  179  196  211  222  229  233  232  229  226  223  221  221  222  223  224  223
  221  218  213  207  199  189  175  159  140  121  104   91   82   74   68   62
   56   51   48   48   49   52   54   55   54   52   50   49   50   51   53   55
   58   60   63   64   64   65   66   67   69   68   67   65   64   63   64   66
   71   78   86   96  109  124  141  160  179
    52.5-180.0 180.0   5.0 450.0                            LAT/LON1/LON2/DLON/H
  190  208  223  235  243  247  246  241  234  227  222  220  220  222  224  225
  224  221  217  211  203  193  180  165  147  130  114  100   90   81   73   66
   60   55   52   52   55   58   62   63   63   62   61   61   61   63   64   67
   70   73   76   77   77   78   80   82   84   83   81   77   73   71   70   73
   79   87   97  107  120  135  153  171  190
    50.0-180.0 180.0   5.0 450.0                            LAT/LON1/LON2/DLON/H
  200  219  236  249  258  262  262  256  247  237  228  222  221  223  226  228
  228  225  221  215  207  198  186  172  156  139  124  110   98   88   78   71
   65   60   58   59   62   67   71   73   73   72   72   72   73   74   75   77
   81   85   88   89   89   89   92   96   98   97   93   87   82   77   76   79
   86   95  106  117  130  145  162  181  200
    47.5-180.0 180.0   5.0 450.0                            LAT/LON1/LON2/DLON/H
  209  230  249  263  273  278  278  273  263  250  237  228  224  226  229  232
  232  230  226  220  212  203  192  179  164  149  134  120  106   94   83   76
   71   68   66   68   71   76   79   82   82   82   82   82   83   83   84   86
   90   95   98   99   99   99  102  107  110  109  103   96   89   83   81   85
   93  104  115  126  139  153  170  188  209
    45.0-180.0 180.0   5.0 450.0                            LAT/LON1/LON2/DLON/H
  217  239  260  275  284  290  291  288  279  264  247  235  230  231  234  236
  236  234  230  225  218  209  198  187  173  159  143  128  112   98   87   81
   78   76   75   76   79   83   87   89   90   90   90   91   91   91   92   94
   98  103  106  107  106  106  110  115  118  116  110  102   94   88   87   91
  101  113  125  136  147  160  176  195  217
    42.5-180.0 180.0   5.0 450.0                            LAT/LON1/LON2/DLON/H
  223  248  269  284  292  296  299  299  291  276  258  243  237  237  240  242
  241  239  236  230  223  215  206  195  182  168  152  134  117  101   90   85
   84   84   83   83   85   87   90   93   94   96   97   97   98   98   98   99
  102  107  111  111  111  111  114  119  121  119  112  104   97   92   93   99
  111  124  136  146  156  168  183  201  223
    40.0-180.0 180.0   5.0 450.0                            LAT/LON1/LON2/DLON/H
  229  254  276  289  294  298  302  303  298  284  267  251  244  244  247  248
  248  246  242  237  231  223  214  204  192  177  159  140  120  103   93   89
   90   90   89   87   86   88   91   94   97   99  101  102  102  102  102  102
  105  109  112  112  112  113  116  119  121  118  112  104   98   96   99  108
  121  136  148  158  167  177  190  207  229
    37.5-180.0 180.0   5.0 450.0                            LAT/LON1/LON2/DLON/H
  233  258  279  289  292  295  301  305  301  290  273  259  251  251  255  257
  256  255  251  246  240  233  224  215  203  187  168  146  125  106   96   94
   95   96   94   90   87   87   90   94   98  102  104  105  106  105  105  104
  105  108  110  111  112  113  115  118  119  116  109  103   99   99  105  117
  132  148  160  170  179  188  198  213  233
    35.0-180.0 180.0   5.0 450.0                            LAT/LON1/LON2/DLON/H
  237  259  277  285  286  289  297  305  304  294  279  265  258  258  263  267
  268  267  263  258  252  245  237  228  216  199  177  154  130  111  101   99
  101  102  100   96   92   90   90   94  100  104  107  107  108  107  107  105
  105  106  108  109  110  112  115  117  117  113  107  102   99  102  111  125
  142  158  172  182  190  198  207  219  237
    32.5-180.0 180.0   5.0 450.0                            LAT/LON1/LON2/DLON/H
  240  259  274  279  278  283  295  306  308  299  286  272  265  266  273  280
  283  283  280  274  268  261  254  245  232  213  189  164  139  120  111  109
  112  115  116  112  106  100   96   97  102  107  109  109  109  110  109  107
  106  105  105  106  108  111  115  117  116  112  106  101  100  104  115  131
  149  167  181  192  201  209  216  225  240
    30.0-180.0 180.0   5.0 450.0                            LAT/LON1/LON2/DLON/H
  247  263  275  277  275  281  297  312  315  307  294  281  273  276  285  295
  301  302  299  293  286  280  273  264  251  231  206  180  156  139  130  128
  132  140  145  144  136  122  109  103  106  111  113  112  112  113  112  110
  107  105  104  105  108  111  115  117  116  112  107  102  101  106  117  134
  153  172  187  200  210  218  225  234  247
    27.5-180.0 180.0   5.0 450.0                            LAT/LON1/LON2/DLON/H
  260  275  285  286  283  292  311  327  328  319  305  292  285  288  299  311
  319  321  317  311  305  301  295  286  273  253  229  206  187  173  164  159
  164  179  194  196  184  158  129  113  112  117  118  118  118  118  117  115
  111  108  105  105  108  112  116  119  118  114  108  103  102  107  119  136
  156  174  190  204  216  226  236  247  260
    25.0-180.0 180.0   5.0 450.0                            LAT/LON1/LON2/DLON/H
  282  300  312  313  313  324  346  359  354  338  321  307  299  302  314  327
  336  338  334  328  323  320  317  309  297  279  261  246  236  229  218  206
  211  236  261  264  243  200  155  126  121  125  127  127  127  127  125  122
  117  112  108  107  109  113  117  120  119  116  110  105  104  109  121  138
  158  177  194  209  222  235  248  264  282
    22.5-180.0 180.0   5.0 450.0                            LAT/LON1/LON2/DLON/H
  313  338  358  367  372  387  408  414  397  370  346  329  320  321  331  343
  350  351  345  340  338  338  337  333  323  311  304  304  309  311  295  270
  269  301  335  337  302  242  180  140  131  136  140  141  140  139  135  130
  124  117  111  109  111  115  118  120  120  117  112  107  105  111  124  142
  161  181  198  214  229  245  264  287  313
    20.0-180.0 180.0   5.0 450.0                            LAT/LON1/LON2/DLON/H
  349  385  417  442  462  485  504  498  462  418  384  360  347  345  351  360
  364  360  352  348  349  353  356  355  350  348  357  376  398  407  383  342
  329  365  405  402  352  274  198  153  143  149  155  157  156  153  147  140
  132  124  116  113  114  117  119  120  119  117  112  107  107  114  129  148
  169  189  207  223  239  258  283  314  349
    17.5-180.0 180.0   5.0 450.0                            LAT/LON1/LON2/DLON/H
  386  432  479  524  564  603  626  609  552  487  436  404  385  378  378  382
  381  372  360  355  359  367  375  378  379  387  414  451  486  500  468  409
  384  418  459  448  380  287  207  163  156  164  172  176  174  168  159  150
  141  131  122  117  118  119  120  118  117  116  112  108  108  118  136  157
  180  201  220  237  254  275  305  343  386
    15.0-180.0 180.0   5.0 450.0                            LAT/LON1/LON2/DLON/H
  418  472  532  597  660  716  748  727  655  571  505  460  434  421  415  413
  407  392  375  369  374  386  397  404  410  427  467  517  558  572  531  459
  423  452  489  469  387  285  209  174  172  183  192  195  192  184  172  160
  149  138  128  122  122  123  121  117  115  114  112  107  109  122  143  167
  192  214  234  253  272  296  328  370  418
    12.5-180.0 180.0   5.0 450.0                            LAT/LON1/LON2/DLON/H
  440  495  564  645  727  800  842  824  747  655  578  524  493  475  465  457
  445  425  404  395  399  412  426  435  443  467  513  562  598  604  557  481
  440  465  497  471  383  280  213  189  192  204  213  215  210  198  184  170
  157  144  134  128  127  127  123  117  114  113  111  107  109  125  149  176
  202  226  248  269  290  316  351  393  440
    10.0-180.0 180.0   5.0 450.0                            LAT/LON1/LON2/DLON/H
  451  501  568  653  743  827  882  875  808  719  640  584  552  534  523  513
  499  476  452  438  439  451  464  473  481  504  545  580  597  590  544  476
  442  465  493  466  378  281  227  212  218  229  236  235  226  211  193  177
  163  150  139  133  133  132  126  119  115  113  110  106  109  126  152  181
  209  234  257  280  304  333  368  408  451
     7.5-180.0 180.0   5.0 450.0                            LAT/LON1/LON2/DLON/H
  451  492  551  628  711  787  846  859  817  747  678  628  601  588  579  571
  559  538  512  494  491  500  510  515  520  538  565  575  567  546  506  457
  436  459  484  461  382  301  259  248  251  256  258  252  239  220  199  181
  165  153  144  139  138  137  131  122  117  113  109  105  109  127  153  182
  210  236  259  284  310  341  377  415  451
     5.0-180.0 180.0   5.0 450.0                            LAT/LON1/LON2/DLON/H
  442  475  522  584  647  703  752  778  766  725  678  644  629  625  623  621
  613  597  573  553  546  551  556  557  557  566  575  559  524  493  462  435
  431  457  481  465  404  342  308  294  287  284  278  265  246  223  200  180
  165  154  146  143  143  141  135  126  119  114  108  104  108  126  152  180
  207  231  254  278  306  339  376  412  442
     2.5-180.0 180.0   5.0 450.0                            LAT/LON1/LON2/DLON/H
  427  453  490  536  574  602  635  668  681  667  642  626  627  636  645  652
  652  642  622  602  593  594  595  590  585  586  578  540  486  449  431  426
  438  465  486  478  438  395  366  342  322  307  293  272  247  220  194  174
  160  152  147  145  145  144  138  129  121  114  107  104  109  127  151  177
  202  224  244  267  295  327  364  399  427
