ionex_esag_emptyfiles/esag2690.12i
     1.0            IONOSPHERE MAPS     GPS                 IONEX VERSION / TYPE
GIM V3.0            JPL - GNISD         28-sep-2012 00:52   PGM / RUN BY / DATE 
JPL'S GLOBAL IONOSPHERE MAPS YEAR 2012 DAY 269              COMMENT             
Global Ionospheric Maps (GIM) are generated on an hourly    DESCRIPTION         
and daily basis at JPL using data from up to 100 GPS sites  DESCRIPTION         
of the IGS and others institutions.                         DESCRIPTION         
The vertical TEC is modeled in a solar-geomagnetic          DESCRIPTION         
reference frame using bi-cubic splines on a spherical grid. DESCRIPTION         
A Kalman filter is used to solve simultaneously for         DESCRIPTION         
instrumental biases and VTEC on the grid (as stochastic     DESCRIPTION         
parameters).                                                DESCRIPTION         
Contact Address:  gpsiono@cobra.jpl.nasa.gov .              DESCRIPTION         
  2012     9    25     0     0     0                        EPOCH OF FIRST MAP  
  2012     9    26     0     0     0                        EPOCH OF LAST MAP   
  7200                                                      INTERVAL            
    13                                                      # OF MAPS IN FILE   
  NONE                                                      MAPPING FUNCTION    
    10.0                                                    ELEVATION CUTOFF    
One-way carrier phase leveled to code                       OBSERVABLES USED    
   170                                                      # OF STATIONS       
    31                                                      # OF SATELLITES     
  6371.0                                                    BASE RADIUS         
     2                                                      MAP DIMENSION       
   450.0 450.0   0.0                                        HGT1 / HGT2 / DHGT  
    87.5 -87.5  -2.5                                        LAT1 / LAT2 / DLAT  
  -180.0 180.0   5.0                                        LON1 / LON2 / DLON  
    -1                                                      EXPONENT            
TEC/RMS values in 0.1 TECU; 9999, if no value available     COMMENT             
                                                            END OF HEADER       
[from data line 3432]
     9                                                      START OF TEC MAP    
  2012     9    25    16     0     0                        EPOCH OF CURRENT MAP
    87.5-180.0 180.0   5.0 450.0                            LAT/LON1/LON2/DLON/H
  212  212  212  211  211  211  211  211  211  211  211  211  211  211  212  212
  212  212  212  212  212  212  212  212  212  211  211  211  211  210  210  210
  210  209  209  209  209  209  209  209  209  209  209  210  210  211  211  212
  213  213  214  215  215  216  216  217  217  217  217  217  217  216  216  216
  215  215  214  214  214  213  213  212  212
    85.0-180.0 180.0   5.0 450.0                            LAT/LON1/LON2/DLON/H
  204  204  204  205  205  205  206  206  207  207  207  208  208  208  209  209
  209  209  210  210  210  210  210  210  210  209  209  208  207  206  205  204
  203  202  201  200  199  199  198  197  197  197  197  198  198  200  201  202
  204  206  208  210  212  214  216  217  217  218  218  217  216  215  214  213
  211  210  209  208  207  206  205  205  204
    82.5-180.0 180.0   5.0 450.0                            LAT/LON1/LON2/DLON/H
  195  196  197  198  200  201  202  204  204  205  206  206  207  207  208  208
  209  209  210  210  211  212  212  212  212  211  210  210  209  208  206  205
  204  202  200  198  196  194  192  189  187  186  185  184  184  185  187  189
  192  195  198  202  206  209  212  214  215  215  215  213  212  209  207  204
  202  200  197  196  195  194  194  194  195
    80.0-180.0 180.0   5.0 450.0                            LAT/LON1/LON2/DLON/H
  185  187  190  193  195  198  200  201  203  204  204  205  206  207  207  209
  210  211  213  214  215  217  218  218  219  219  219  218  217  217  215  214
  212  211  208  206  203  199  195  191  187  183  179  176  173  173  173  175
  178  182  186  191  196  200  204  207  208  208  207  204  201  198  194  190
  187  184  181  180  179  179  181  182  185
    77.5-180.0 180.0   5.0 450.0                            LAT/LON1/LON2/DLON/H
  174  178  182  187  190  193  196  198  199  200  201  203  204  205  207  210
  212  215  218  221  224  227  230  231  233  233  233  232  232  231  229  228
  227  225  223  220  217  213  207  201  195  188  181  175  170  166  165  165
  167  171  175  180  185  190  193  196  196  195  192  188  184  179  174  169
  166  163  161  160  161  163  166  170  174
    75.0-180.0 180.0   5.0 450.0                            LAT/LON1/LON2/DLON/H
  160  166  172  178  182  186  189  192  194  197  199  201  204  207  210  214
  218  223  228  233  238  243  247  250  251  252  251  250  249  247  246  245
  245  244  242  240  237  232  225  218  209  200  191  182  174  168  163  161
  161  163  167  171  175  178  180  181  180  177  172  167  161  155  149  144
  141  138  137  138  140  144  148  154  160
    72.5-180.0 180.0   5.0 450.0                            LAT/LON1/LON2/DLON/H
  142  150  157  164  170  176  181  185  189  194  198  202  207  211  216  222
  227  234  241  248  255  262  267  270  272  272  271  269  266  264  263  263
  263  264  263  262  258  253  246  237  227  217  205  195  185  176  169  164
  161  161  162  163  165  166  166  165  162  157  150  143  136  129  123  119
  115  113  113  115  118  122  128  135  142
    70.0-180.0 180.0   5.0 450.0                            LAT/LON1/LON2/DLON/H
  121  129  137  145  154  162  170  177  185  192  199  206  212  219  225  232
  239  246  255  264  273  280  285  289  290  290  288  284  280  277  276  277
  279  281  283  282  279  273  265  256  245  233  221  210  199  188  179  171
  165  161  159  158  156  155  152  148  143  136  128  120  112  106  100   96
   93   92   92   94   97  101  107  113  121
    67.5-180.0 180.0   5.0 450.0                            LAT/LON1/LON2/DLON/H
   99  106  114  123  133  144  157  169  180  192  202  211  219  228  235  243
  251  260  270  280  289  296  300  302  302  301  298  293  289  285  284  286
  290  294  297  297  294  288  280  270  258  247  235  224  213  201  190  180
  171  163  157  152  147  143  138  132  126  118  110  102   95   89   84   81
   78   76   76   77   79   83   87   93   99
    65.0-180.0 180.0   5.0 450.0                            LAT/LON1/LON2/DLON/H
   81   86   93  101  113  127  143  160  176  191  204  216  226  236  246  254
  263  273  283  293  301  305  308  307  306  303  300  295  291  289  289  292
  297  303  306  306  302  295  287  277  267  257  246  236  225  213  200  188
  175  163  153  144  137  130  124  118  111  104   97   91   86   82   78   76
   73   70   68   68   68   70   73   77   81
    62.5-180.0 180.0   5.0 450.0                            LAT/LON1/LON2/DLON/H
   70   72   77   85   97  113  133  153  172  189  204  218  231  244  255  265
  275  285  294  303  309  311  310  307  304  301  297  294  291  291  292  297
  303  308  310  308  303  296  287  279  271  263  255  245  235  222  207  191
  175  160  146  135  126  118  111  106  100   95   90   87   85   83   82   80
   77   73   70   68   67   68   68   69   70
    60.0-180.0 180.0   5.0 450.0                            LAT/LON1/LON2/DLON/H
   70   69   71   77   89  106  127  150  170  188  203  219  234  250  264  276
  286  296  304  311  314  313  309  304  300  297  295  293  293  294  297  303
  309  313  313  308  301  293  285  279  273  267  261  253  242  228  211  192
  173  155  139  127  117  109  103   98   94   91   90   90   91   92   93   91
   88   83   79   76   75   74   74   72   70
    57.5-180.0 180.0   5.0 450.0                            LAT/LON1/LON2/DLON/H
   81   78   78   82   92  109  130  152  172  188  203  219  236  254  272  286
  297  306  313  317  317  314  308  302  298  296  297  298  299  302  307  313
  318  320  317  309  300  291  284  279  276  273  268  260  248  233  213  192
  171  152  135  122  112  105  100   97   95   95   96   99  103  107  109  107
  103   98   93   89   88   88   87   85   81
    55.0-180.0 180.0   5.0 450.0                            LAT/LON1/LON2/DLON/H
   98   95   94   98  107  123  142  162  179  193  206  221  240  260  280  296
  308  317  322  323  321  316  310  304  302  303  306  310  313  317  321  326
  329  328  322  313  302  293  287  284  282  280  276  268  255  237  216  193
  171  152  136  124  116  111  107  105  104  105  109  114  120  125  128  126
  121  114  108  105  104  104  104  102   98
    52.5-180.0 180.0   5.0 450.0                            LAT/LON1/LON2/DLON/H
  116  114  114  118  128  143  162  180  194  205  215  228  247  268  289  306
  318  326  330  330  326  320  315  312  312  317  323  329  333  335  337  339
  340  337  330  320  310  302  298  295  293  290  285  276  261  241  219  196
  175  158  145  136  130  125  122  120  119  121  125  132  138  144  147  144
  138  130  123  120  119  120  120  119  116
    50.0-180.0 180.0   5.0 450.0                            LAT/LON1/LON2/DLON/H
  130  131  133  139  150  166  185  203  216  225  232  242  258  278  298  314
  326  334  336  335  331  326  322  322  326  334  343  350  354  354  353  351
  349  345  338  330  322  317  313  310  306  301  294  283  267  246  224  203
  184  169  159  152  148  144  140  137  136  137  141  148  155  161  163  160
  152  143  136  132  131  131  131  131  130
    47.5-180.0 180.0   5.0 450.0                            LAT/LON1/LON2/DLON/H
  137  139  144  153  166  184  205  225  240  248  254  262  274  290  307  322
  333  339  342  340  336  332  331  333  340  351  362  370  373  370  364  357
  352  349  345  341  337  334  331  327  321  313  303  289  271  251  230  211
  195  183  174  168  165  161  156  151  148  148  152  158  166  172  174  170
  162  153  146  141  138  137  136  136  137
    45.0-180.0 180.0   5.0 450.0                            LAT/LON1/LON2/DLON/H
  136  140  146  156  171  193  219  243  261  272  278  284  292  303  316  327
  336  342  345  344  341  339  339  344  353  365  378  386  386  381  370  359
  353  351  351  352  353  353  350  344  335  323  310  294  276  256  237  220
  206  195  186  180  175  170  164  157  151  149  151  158  167  174  177  173
  166  157  150  145  142  139  136  135  136
    42.5-180.0 180.0   5.0 450.0                            LAT/LON1/LON2/DLON/H
  132  135  140  149  165  189  220  250  274  289  298  304  309  316  323  330
  337  343  347  347  345  345  346  352  361  374  387  394  394  386  373  360
  353  354  360  366  370  371  367  359  349  335  320  302  282  263  245  230
  216  204  193  183  174  166  159  151  143  138  140  147  158  166  169  167
  162  155  150  146  142  138  134  131  132
    40.0-180.0 180.0   5.0 450.0                            LAT/LON1/LON2/DLON/H
  126  127  131  138  152  177  211  246  276  297  311  319  323  326  329  332
  337  343  347  349  349  350  352  358  367  380  392  399  398  389  375  362
  357  363  373  383  389  390  386  378  367  354  336  315  292  272  255  240
  224  209  193  178  165  155  148  140  131  125  126  134  146  154  158  156
  152  148  145  143  141  136  131  127  126
    37.5-180.0 180.0   5.0 450.0                            LAT/LON1/LON2/DLON/H
  122  121  122  125  137  161  195  233  268  296  315  327  333  334  333  334
  337  342  348  351  353  355  358  363  372  384  395  400  399  391  378  368
  369  380  395  407  413  415  412  406  397  383  363  337  310  286  268  252
  235  217  197  177  160  149  143  137  127  120  120  130  142  149  150  147
  143  140  139  139  138  135  129  124  122
    35.0-180.0 180.0   5.0 450.0                            LAT/LON1/LON2/DLON/H
  121  119  116  116  124  145  178  217  255  288  313  330  339  340  338  337
  338  343  349  354  357  360  364  369  377  388  397  401  399  393  385  383
  391  409  428  442  449  451  451  449  443  429  405  372  336  306  286  270
  254  236  216  193  172  160  155  152  143  135  135  145  155  157  152  145
  138  135  134  135  136  134  129  125  121
    32.5-180.0 180.0   5.0 450.0                            LAT/LON1/LON2/DLON/H
  123  120  116  114  117  133  163  202  242  278  308  329  342  345  343  341
  341  345  351  358  363  367  372  377  385  394  402  404  402  399  399  407
  426  453  477  493  501  505  509  513  511  495  463  417  369  332  310  298
  287  275  259  237  213  198  196  195  188  180  180  189  196  189  173  157
  144  136  133  134  135  134  131  127  123
    30.0-180.0 180.0   5.0 450.0                            LAT/LON1/LON2/DLON/H
  126  122  119  115  117  128  154  191  231  269  302  327  343  349  348  346
  346  350  356  363  370  376  381  387  395  404  410  411  409  412  422  443
  475  512  543  563  573  581  590  598  595  572  527  468  407  362  342  338
  340  341  336  318  289  268  264  265  259  250  249  257  259  242  212  183
  162  148  139  136  136  136  134  130  126
    27.5-180.0 180.0   5.0 450.0                            LAT/LON1/LON2/DLON/H
  129  126  123  120  119  127  150  186  226  264  297  325  343  352  355  354
  355  358  364  371  379  386  392  400  408  417  424  426  427  436  459  495
  542  591  630  653  665  673  683  691  683  650  591  517  445  396  381  390
  410  428  436  418  382  352  343  344  337  326  323  331  329  302  259  218
  187  165  150  141  139  138  136  133  129
    25.0-180.0 180.0   5.0 450.0                            LAT/LON1/LON2/DLON/H
  132  129  126  124  123  129  149  185  225  263  295  323  343  355  361  365
  367  371  377  383  390  397  405  414  425  436  445  450  457  476  513  566
  628  687  731  755  764  767  773  777  762  717  644  556  477  428  421  444
  480  514  530  513  468  427  413  413  404  389  385  393  390  356  302  252
  214  185  162  148  142  141  139  136  132
    22.5-180.0 180.0   5.0 450.0                            LAT/LON1/LON2/DLON/H
  133  129  127  126  125  131  151  187  227  264  295  322  343  358  370  378
  384  390  394  398  403  410  418  430  445  460  474  486  502  534  586  652
  724  788  831  850  852  847  845  842  818  760  676  581  500  453  452  485
  532  575  594  573  520  471  454  453  441  421  415  426  427  391  332  277
  237  204  174  154  145  142  141  137  133
    20.0-180.0 180.0   5.0 450.0                            LAT/LON1/LON2/DLON/H
  132  128  125  124  125  133  155  191  231  267  296  322  344  363  380  395
  406  414  417  418  420  424  433  448  468  489  511  533  561  604  666  740
  816  879  915  923  913  896  884  872  840  777  688  591  510  465  465  500
  549  588  600  572  513  464  449  450  437  411  402  419  428  398  342  289
  250  217  184  158  146  143  141  137  132
    17.5-180.0 180.0   5.0 450.0                            LAT/LON1/LON2/DLON/H
  129  124  121  120  123  134  160  197  236  271  300  325  348  371  394  415
  432  442  445  442  439  441  450  469  494  523  553  585  622  673  740  815
  889  943  965  957  932  903  884  868  835  773  685  588  506  459  452  478
  513  538  536  503  450  412  410  418  404  373  362  386  405  383  334  289
  255  223  188  160  146  142  139  134  129
    15.0-180.0 180.0   5.0 450.0                            LAT/LON1/LON2/DLON/H
  124  117  113  113  118  134  164  202  241  276  306  332  357  383  411  438
  460  474  475  470  464  462  472  494  525  559  596  635  678  731  795  864
  927  965  968  944  908  875  855  842  812  755  672  575  489  434  411  418
  435  442  429  397  361  344  357  376  363  328  315  342  369  357  319  283
  256  227  191  160  144  139  135  130  124
    12.5-180.0 180.0   5.0 450.0                            LAT/LON1/LON2/DLON/H
  117  109  103  102  111  132  166  206  246  282  314  343  371  400  433  465
  491  507  508  501  493  491  501  526  560  597  636  677  721  768  819  873
  921  944  931  897  857  827  812  804  781  732  655  557  464  395  356  344
  344  338  318  293  278  285  316  344  334  296  280  306  336  332  305  278
  257  229  192  160  142  135  131  125  117
    10.0-180.0 180.0   5.0 450.0                            LAT/LON1/LON2/DLON/H
  111  101   92   90  100  127  166  208  250  288  324  356  388  421  458  494
  523  540  543  536  529  528  540  567  601  636  671  708  745  779  813  851
  886  896  874  835  798  775  769  767  752  712  641  542  440  360  307  281
  271  259  240  229  236  266  310  342  334  296  275  293  318  318  299  280
  262  234  194  160  142  134  128  121  111
     7.5-180.0 180.0   5.0 450.0                            LAT/LON1/LON2/DLON/H
  108   95   83   78   88  118  161  208  252  294  334  371  406  443  483  522
  552  571  576  573  569  572  587  614  646  674  700  728  754  773  790  813
  837  839  813  776  748  736  739  742  731  699  634  536  430  344  284  254
  244  239  232  236  261  302  347  375  365  327  300  304  317  317  306  291
  272  241  199  163  144  135  129  120  108
     5.0-180.0 180.0   5.0 450.0                            LAT/LON1/LON2/DLON/H
  111   94   79   70   79  110  156  205  254  300  344  384  423  463  507  547
  579  599  607  609  610  617  635  662  689  708  722  739  753  760  763  774
  790  790  768  740  723  720  726  729  721  694  637  544  443  360  305  282
  284  291  295  307  337  375  410  427  413  376  343  330  327  326  319  307
  286  250  205  169  151  142  135  125  111
     2.5-180.0 180.0   5.0 450.0                            LAT/LON1/LON2/DLON/H
  121  102   83   70   76  106  152  204  255  305  352  396  437  480  525  567
  600  622  634  641  647  658  678  704  726  735  738  743  749  747  743  748
  762  764  747  729  720  722  727  728  721  701  652  572  484  415  372  360
  371  388  398  410  433  459  478  480  461  426  390  361  344  338  334  322
  297  257  211  176  160  154  147  137  121
