ionex_esag_emptyfiles/esag2680.12i
     1.0            IONOSPHERE MAPS     GPS                 IONEX VERSION / TYPE
GIM V3.0            JPL - GNISD         27-sep-2012 00:43   PGM / RUN BY / DATE 
JPL'S GLOBAL IONOSPHERE MAPS YEAR 2012 DAY 268              COMMENT             
Global Ionospheric Maps (GIM) are generated on an hourly    DESCRIPTION         
and daily basis at JPL using data from up to 100 GPS sites  DESCRIPTION         
of the IGS and others institutions.                         DESCRIPTION         
The vertical TEC is modeled in a solar-geomagnetic          DESCRIPTION         
reference frame using bi-cubic splines on a spherical grid. DESCRIPTION         
A Kalman filter is used to solve simultaneously for         DESCRIPTION         
instrumental biases and VTEC on the grid (as stochastic     DESCRIPTION         
parameters).                                                DESCRIPTION         
Contact Address:  gpsiono@cobra.jpl.nasa.gov .              DESCRIPTION         
  2012     9    24     0     0     0                        EPOCH OF FIRST MAP  
  2012     9    25     0     0     0                        EPOCH OF LAST MAP   
  7200                                                      INTERVAL            
    13                                                      # OF MAPS IN FILE   
  NONE                                                      MAPPING FUNCTION    
    10.0                                                    ELEVATION CUTOFF    
One-way carrier phase leveled to code                       OBSERVABLES USED    
   170                                                      # OF STATIONS       
    31                                                      # OF SATELLITES     
  6371.0                                                    BASE RADIUS         
     2                                                      MAP DIMENSION       
   450.0 450.0   0.0                                        HGT1 / HGT2 / DHGT  
    87.5 -87.5  -2.5                                        LAT1 / LAT2 / DLAT  
  -180.0 180.0   5.0                                        LON1 / LON2 / DLON  
    -1                                                      EXPONENT            
TEC/RMS values in 0.1 TECU; 9999, if no value available     COMMENT             
                                                            END OF HEADER       
[from data line 858]
     3                                                      START OF TEC MAP    
  2012     9    24     4     0     0                        EPOCH OF CURRENT MAP
    87.5-180.0 180.0   5.0 450.0                            LAT/LON1/LON2/DLON/H
  216  216  215  214  213  213  212  211  209  208  207  206  204  203  202  200
  199  197  196  195  193  192  190  189  188  187  186  185  184  184  183  183
  183  183  183  183  183  184  184  185  186  187  189  190  191  193  194  196
  197  199  201  202  204  205  207  208  210  211  212  213  214  215  216  216
  217  217  217  217  217  217  217  217  216
    85.0-180.0 180.0   5.0 450.0                            LAT/LON1/LON2/DLON/H
  226  225  224  223  221  220  218  217  215  213  211  209  207  205  202  200
  197  194  192  189  186  183  181  178  176  173  171  169  168  166  165  164
  164  164  164  164  165  166  168  169  171  174  176  179  182  185  188  191
  194  198  201  204  207  210  213  216  219  221  223  225  226  228  229  230
  230  230  230  230  230  229  228  227  226
    82.5-180.0 180.0   5.0 450.0                            LAT/LON1/LON2/DLON/H
  231  229  227  226  224  223  221  219  218  216  214  212  209  206  203  200
  196  192  188  184  180  176  172  168  164  161  158  155  152  150  148  147
  146  146  146  146  148  149  151  154  157  161  164  168  173  177  182  187
  192  197  202  207  212  216  220  224  228  231  233  235  237  238  239  240
  240  240  239  238  237  236  234  232  231
    80.0-180.0 180.0   5.0 450.0                            LAT/LON1/LON2/DLON/H
  230  228  225  223  222  220  219  217  216  215  214  212  210  207  204  200
  196  191  186  181  176  170  165  160  155  150  146  142  138  135  133  131
  129  128  128  129  131  133  136  139  144  148  154  159  165  172  178  185
  191  198  204  211  217  222  227  232  236  239  242  244  245  246  247  247
  246  245  244  242  240  238  235  233  230
    77.5-180.0 180.0   5.0 450.0                            LAT/LON1/LON2/DLON/H
  226  223  220  217  214  213  211  211  210  210  209  209  208  205  203  199
  195  190  185  179  173  166  160  154  148  142  137  132  127  123  119  116
  114  113  112  113  114  117  121  125  131  137  144  151  159  167  175  184
  192  200  208  216  223  229  235  240  243  246  248  249  250  250  250  249
  248  247  245  243  240  237  233  230  226
    75.0-180.0 180.0   5.0 450.0                            LAT/LON1/LON2/DLON/H
  221  217  212  208  205  202  201  200  200  200  201  202  202  201  199  197
  193  188  183  177  170  164  157  149  143  136  130  124  118  113  109  105
  102  100   98   98  100  102  107  112  119  127  135  145  154  164  174  184
  194  203  213  222  230  237  243  247  250  252  252  252  252  251  250  249
  247  246  244  241  238  235  231  226  221
    72.5-180.0 180.0   5.0 450.0                            LAT/LON1/LON2/DLON/H
  219  213  207  201  196  192  189  188  187  187  188  190  191  192  192  191
  188  185  180  174  168  161  154  146  138  131  124  118  112  107  102   97
   93   90   88   87   87   90   94  101  109  118  128  139  151  162  174  185
  197  208  218  228  237  245  251  255  257  257  256  254  251  249  247  246
  245  243  242  240  237  234  229  224  219
    70.0-180.0 180.0   5.0 450.0                            LAT/LON1/LON2/DLON/H
  220  214  206  199  192  185  180  177  175  174  174  176  177  179  180  181
  180  178  175  170  165  158  151  143  135  127  120  113  107  102   96   92
   87   84   81   79   79   80   85   91  100  111  122  135  149  162  175  188
  201  213  225  236  246  254  259  262  263  261  258  254  250  246  244  242
  240  240  239  238  237  234  231  226  220
    67.5-180.0 180.0   5.0 450.0                            LAT/LON1/LON2/DLON/H
  225  219  211  203  194  185  177  170  166  163  161  161  162  164  166  167
  168  167  166  163  159  154  147  139  130  122  115  109  103   98   93   89
   84   80   77   74   73   74   78   85   94  106  119  133  148  163  178  192
  206  219  232  244  255  263  268  271  270  266  261  255  249  243  239  237
  236  235  236  237  237  236  234  231  225
    65.0-180.0 180.0   5.0 450.0                            LAT/LON1/LON2/DLON/H
  233  228  220  212  202  191  181  172  163  156  151  149  148  148  150  152
  153  154  154  153  151  147  141  133  124  116  110  105  100   96   92   88
   83   79   75   72   71   71   75   81   90  103  117  133  150  166  182  197
  211  226  240  253  264  272  278  279  277  272  265  257  249  241  236  232
  230  230  232  235  237  239  239  237  233
    62.5-180.0 180.0   5.0 450.0                            LAT/LON1/LON2/DLON/H
  242  238  232  224  214  203  191  179  168  157  148  142  138  136  136  137
  139  140  141  142  142  139  134  127  118  111  105  101   98   95   91   88
   85   81   77   73   71   71   74   80   90  103  118  136  153  171  187  202
  217  232  247  261  273  282  287  287  284  278  270  260  250  241  234  228
  225  225  228  232  237  241  243  244  242
    60.0-180.0 180.0   5.0 450.0                            LAT/LON1/LON2/DLON/H
  250  249  244  237  227  216  203  189  176  163  151  141  134  129  127  126
  126  127  129  130  131  131  127  121  113  106  101   98   96   94   92   90
   87   84   80   77   74   74   76   82   92  105  121  140  159  177  194  209
  223  238  254  269  282  291  295  295  291  284  275  265  254  244  235  228
  223  223  225  230  237  242  247  250  250
    57.5-180.0 180.0   5.0 450.0                            LAT/LON1/LON2/DLON/H
  258  258  255  248  239  227  213  200  186  172  158  145  135  128  123  120
  117  117  117  120  122  123  121  116  110  104   99   97   96   95   95   93
   92   89   86   82   79   79   81   86   96  109  126  146  166  185  201  215
  230  245  261  277  290  299  303  302  297  290  281  271  260  250  240  232
  226  224  227  232  239  246  252  256  258
    55.0-180.0 180.0   5.0 450.0                            LAT/LON1/LON2/DLON/H
  267  267  264  258  247  233  219  206  193  180  165  152  140  132  125  118
  113  110  109  112  115  117  117  114  109  104  101   99   98   98   98   97
   96   94   91   88   86   85   87   92  102  115  133  153  173  192  208  222
  236  250  267  283  297  306  310  308  302  295  287  278  270  261  252  244
  237  233  234  238  245  252  259  264  267
    52.5-180.0 180.0   5.0 450.0                            LAT/LON1/LON2/DLON/H
  277  277  274  265  252  235  220  207  196  185  171  158  146  136  128  119
  111  106  104  106  110  113  115  114  112  108  105  104  103  102  101  101
  100   99   97   95   93   92   94   99  109  122  140  160  181  200  215  228
  241  255  272  288  303  312  315  312  306  299  293  287  282  276  270  262
  255  250  248  250  256  263  269  274  277
    50.0-180.0 180.0   5.0 450.0                            LAT/LON1/LON2/DLON/H
  290  290  284  273  255  235  217  204  195  185  174  162  150  140  131  121
  112  105  102  103  107  112  116  118  117  115  112  110  108  106  104  103
  103  103  102  101  100  100  102  107  116  130  147  167  187  205  220  232
  244  259  276  293  307  317  319  316  310  303  299  296  294  292  289  284
  277  271  268  268  273  279  284  288  290
    47.5-180.0 180.0   5.0 450.0                            LAT/LON1/LON2/DLON/H
  308  305  298  283  260  235  213  200  191  184  174  162  151  141  133  123
  114  106  103  104  108  114  119  123  124  123  120  117  113  109  106  104
  104  104  105  106  107  107  109  114  123  136  153  173  192  209  223  235
  248  263  281  298  312  321  324  320  314  307  304  303  304  306  306  304
  299  293  289  288  293  298  304  307  308
    45.0-180.0 180.0   5.0 450.0                            LAT/LON1/LON2/DLON/H
  328  325  315  297  270  239  213  197  188  181  172  160  149  140  132  124
  116  110  107  107  111  118  125  130  132  131  128  124  119  112  106  103
  103  105  108  110  113  114  116  120  129  142  159  178  196  213  226  238
  252  268  286  303  317  325  328  325  319  312  309  308  310  313  317  318
  316  311  307  308  313  320  325  328  328
    42.5-180.0 180.0   5.0 450.0                            LAT/LON1/LON2/DLON/H
  350  346  335  315  284  249  218  198  186  179  170  159  148  138  131  125
  120  116  114  114  118  125  133  138  141  140  137  131  124  115  107  103
  103  105  110  114  118  119  121  125  133  147  164  183  201  217  230  243
  257  274  292  309  322  330  334  331  325  319  314  311  311  313  318  321
  322  321  321  324  332  340  347  351  350
    40.0-180.0 180.0   5.0 450.0                            LAT/LON1/LON2/DLON/H
  374  369  357  336  302  263  228  202  187  179  171  160  148  138  131  127
  125  123  122  122  126  133  142  148  150  149  145  139  130  120  110  105
  103  106  112  118  122  124  125  128  137  152  170  189  207  223  237  250
  265  283  301  316  328  336  340  340  335  329  322  315  311  311  314  319
  322  324  328  336  347  359  369  374  374
    37.5-180.0 180.0   5.0 450.0                            LAT/LON1/LON2/DLON/H
  397  392  380  357  323  281  242  211  191  182  175  165  152  141  133  130
  129  130  129  129  133  142  151  157  160  158  154  147  138  127  117  109
  107  110  116  122  126  127  128  131  140  157  178  198  216  232  246  259
  275  292  309  323  334  343  349  352  350  345  337  326  317  313  314  318
  323  328  336  348  363  378  391  397  397
    35.0-180.0 180.0   5.0 450.0                            LAT/LON1/LON2/DLON/H
  423  416  402  379  344  301  259  223  199  188  183  175  161  147  137  133
  133  134  133  134  140  149  160  167  169  167  163  157  149  139  128  119
  115  116  122  127  130  131  131  133  144  163  187  210  228  243  256  269
  284  300  316  329  340  351  361  369  372  370  362  349  335  328  326  328
  332  339  350  366  384  402  417  424  423
    32.5-180.0 180.0   5.0 450.0                            LAT/LON1/LON2/DLON/H
  457  446  429  402  366  323  278  239  211  200  196  188  173  156  144  137
  135  134  133  136  143  155  167  175  178  177  174  168  162  155  145  134
  126  125  129  133  135  135  134  136  147  170  198  221  240  254  265  277
  291  305  319  331  344  359  376  391  402  407  401  387  372  362  358  357
  358  364  378  397  417  437  452  459  457
    30.0-180.0 180.0   5.0 450.0                            LAT/LON1/LON2/DLON/H
  505  491  469  436  395  349  302  260  230  216  210  202  186  167  151  141
  135  132  130  135  144  158  173  183  188  188  186  183  179  175  166  153
  140  135  136  139  140  139  137  138  150  176  206  231  249  261  271  281
  292  304  317  329  346  367  393  419  439  451  451  439  425  416  411  407
  403  408  423  446  468  488  504  510  505
    27.5-180.0 180.0   5.0 450.0                            LAT/LON1/LON2/DLON/H
  575  559  531  491  441  389  337  290  255  236  226  216  200  179  159  144
  135  130  129  135  147  164  180  192  199  202  203  201  200  198  191  175
  157  146  144  144  144  143  140  139  151  178  211  236  253  263  270  278
  287  298  309  325  347  376  412  448  478  497  503  496  486  479  475  468
  461  464  484  511  537  559  575  581  575
    25.0-180.0 180.0   5.0 450.0                            LAT/LON1/LON2/DLON/H
  671  658  626  575  513  449  389  336  293  264  246  231  213  190  166  148
  137  131  132  141  155  173  190  204  213  220  224  225  225  225  218  199
  175  158  150  149  148  146  141  138  148  175  208  234  249  257  264  270
  278  288  301  320  349  387  432  477  514  539  550  550  545  543  540  531
  521  524  548  582  614  640  660  672  671
    22.5-180.0 180.0   5.0 450.0                            LAT/LON1/LON2/DLON/H
  781  781  755  697  618  539  467  402  347  306  277  255  232  205  175  152
  142  139  144  156  172  190  207  221  232  244  253  256  255  255  247  225
  194  168  156  151  149  146  139  134  141  166  198  223  239  247  253  260
  269  280  295  319  354  400  453  503  543  569  584  591  594  596  595  585
  573  577  606  647  684  716  744  767  781
    20.0-180.0 180.0   5.0 450.0                            LAT/LON1/LON2/DLON/H
  881  904  894  838  752  660  573  493  422  366  328  299  267  230  192  164
  155  158  168  183  200  217  231  243  257  275  289  292  289  285  275  248
  210  177  159  151  147  143  134  126  130  152  182  208  225  235  243  252
  263  276  295  324  366  417  473  524  561  584  599  614  625  632  631  620
  607  613  647  693  734  771  809  847  881
    17.5-180.0 180.0   5.0 450.0                            LAT/LON1/LON2/DLON/H
  949  997 1010  968  886  792  699  607  521  453  409  372  328  275  224  191
  183  190  205  223  240  254  264  273  287  309  327  330  322  312  296  265
  221  182  159  148  142  135  124  115  117  137  165  192  212  225  235  248
  263  280  304  337  383  437  493  541  572  588  603  624  644  653  651  638
  624  630  664  710  750  789  837  892  949
    15.0-180.0 180.0   5.0 450.0                            LAT/LON1/LON2/DLON/H
  957 1031 1072 1054  990  906  816  722  631  563  525  485  422  347  281  241
  231  239  256  276  292  301  305  308  320  343  363  363  348  330  308  272
  224  181  155  142  133  125  113  103  105  123  151  179  202  219  233  250
  268  290  318  355  403  457  511  555  578  587  600  628  654  665  661  645
  630  633  663  702  732  765  815  881  957
    12.5-180.0 180.0   5.0 450.0                            LAT/LON1/LON2/DLON/H
  896  980 1047 1065 1033  973  898  811  726  673  655  623  546  449  369  321
  305  309  324  343  355  358  355  350  355  375  391  386  362  335  306  266
  217  174  148  134  124  114  103   94   97  115  142  172  198  218  236  255
  278  303  334  373  422  476  526  566  583  587  600  632  663  673  666  648
  632  633  654  680  696  715  755  818  896
    10.0-180.0 180.0   5.0 450.0                            LAT/LON1/LON2/DLON/H
  792  867  940  986  992  966  918  849  782  756  768  753  670  561  476  426
  403  398  406  421  430  426  413  398  392  402  409  394  362  326  290  249
  203  164  140  126  116  106   96   90   96  114  141  171  199  221  241  262
  287  315  348  388  437  489  537  574  590  594  608  643  675  683  673  654
  638  635  647  657  655  656  680  728  792
     7.5-180.0 180.0   5.0 450.0                            LAT/LON1/LON2/DLON/H
  676  728  793  852  882  880  855  811  773  782  830  839  763  656  578  532
  505  491  493  504  508  497  475  447  427  421  414  389  349  307  267  226
  185  153  132  120  111  103   96   92   99  118  144  174  202  224  244  267
  293  322  356  396  444  495  542  580  599  606  624  658  689  695  683  666
  652  647  649  645  626  609  613  638  676
     5.0-180.0 180.0   5.0 450.0                            LAT/LON1/LON2/DLON/H
  584  606  651  708  745  751  735  704  687  725  807  847  795  708  649  616
  589  570  567  575  575  559  529  490  455  432  409  374  330  284  242  203
  169  144  128  118  111  105  100   99  107  125  150  178  204  226  245  267
  294  323  357  397  444  493  541  580  604  618  639  672  699  702  690  678
  668  664  661  649  622  591  576  576  584
     2.5-180.0 180.0   5.0 450.0                            LAT/LON1/LON2/DLON/H
  552  545  561  598  625  622  600  568  556  602  695  757  740  690  663  652
  634  615  611  618  617  597  562  515  469  431  395  354  308  263  220  185
  158  140  128  120  114  110  106  106  114  132  155  181  204  223  242  264
  290  320  353  392  437  486  532  573  602  623  646  676  697  699  689  681
  678  677  674  661  633  601  578  564  552
