ionex_esag_emptyfiles/esag0310.12i
     1.0            IONOSPHERE MAPS     GPS                 IONEX VERSION / TYPE
GIM V3.0            JPL - GNISD         03-feb-2012 05:33   PGM / RUN BY / DATE 
JPL'S GLOBAL IONOSPHERE MAPS YEAR 2012 DAY 031              COMMENT             
Global Ionospheric Maps (GIM) are generated on an hourly    DESCRIPTION         
and daily basis at JPL using data from up to 100 GPS sites  DESCRIPTION         
of the IGS and others institutions.                         DESCRIPTION         
The vertical TEC is modeled in a solar-geomagnetic          DESCRIPTION         
reference frame using bi-cubic splines on a spherical grid. DESCRIPTION         
A Kalman filter is used to solve simultaneously for         DESCRIPTION         
instrumental biases and VTEC on the grid (as stochastic     DESCRIPTION         
parameters).                                                DESCRIPTION         
Contact Address:  gpsiono@cobra.jpl.nasa.gov .              DESCRIPTION         
  2012     1    31     0     0     0                        EPOCH OF FIRST MAP  
  2012     2     1     0     0     0                        EPOCH OF LAST MAP   
  7200                                                      INTERVAL            
    13                                                      # OF MAPS IN FILE   
  NONE                                                      MAPPING FUNCTION    
    10.0                                                    ELEVATION CUTOFF    
One-way carrier phase leveled to code                       OBSERVABLES USED    
   170                                                      # OF STATIONS       
    31                                                      # OF SATELLITES     
  6371.0                                                    BASE RADIUS         
     2                                                      MAP DIMENSION       
   450.0 450.0   0.0                                        HGT1 / HGT2 / DHGT  
    87.5 -87.5  -2.5                                        LAT1 / LAT2 / DLAT  
  -180.0 180.0   5.0                                        LON1 / LON2 / DLON  
    -1                                                      EXPONENT            
TEC/RMS values in 0.1 TECU; 9999, if no value available     COMMENT             
                                                            END OF HEADER       
[from data line 1716]
     5                                                      START OF TEC MAP    
  2012     1    31     8     0     0                        EPOCH OF CURRENT MAP
    87.5-180.0 180.0   5.0 450.0                            LAT/LON1/LON2/DLON/H
   67   68   68   68   68   69   69   69   70   70   70   71   71   71   72   72
   72   72   72   73   73   73   73   73   73   74   74   74   74   74   74   74
   74   74   75   75   75   75   75   75   75   75   75   75   75   75   75   75
   74   74   74   73   73   72   72   71   71   70   70   69   69   68   68   67
   67   67   67   67   67   67   67   67   67
    85.0-180.0 180.0   5.0 450.0                            LAT/LON1/LON2/DLON/H
   67   68   69   69   70   70   71   72   72   73   74   74   75   75   76   76
   77   77   77   77   78   78   78   78   78   78   78   78   78   78   78   78
   78   78   78   78   79   79   80   81   81   82   83   83   84   84   84   84
   84   84   83   82   81   80   78   77   75   74   72   71   70   69   68   67
   67   66   66   66   66   66   67   67   67
    82.5-180.0 180.0   5.0 450.0                            LAT/LON1/LON2/DLON/H
   69   70   71   71   72   73   74   74   75   76   77   77   78   79   80   80
   81   82   82   83   83   83   83   83   83   83   82   82   81   81   80   80
   79   79   79   80   80   81   83   84   86   88   90   92   94   95   97   97
   98   98   97   96   94   92   90   88   85   82   80   77   75   73   71   69
   68   68   67   67   67   67   68   68   69
    80.0-180.0 180.0   5.0 450.0                            LAT/LON1/LON2/DLON/H
   71   72   73   74   74   75   76   76   77   78   78   79   80   81   82   83
   84   85   86   86   87   87   88   88   87   87   86   85   84   83   82   81
   80   79   79   79   80   82   84   86   89   93   97  100  104  107  110  113
  114  115  115  114  112  110  107  103  100   96   92   87   84   80   77   75
   73   71   70   69   69   69   70   70   71
    77.5-180.0 180.0   5.0 450.0                            LAT/LON1/LON2/DLON/H
   73   73   74   75   76   76   77   77   78   78   79   80   80   81   82   84
   85   86   87   88   89   90   90   91   91   90   89   88   87   85   83   81
   80   78   78   78   79   81   84   88   92   97  103  109  115  120  125  129
  132  134  135  135  133  131  128  124  119  114  109  103   98   93   88   84
   80   77   74   73   72   71   71   72   73
    75.0-180.0 180.0   5.0 450.0                            LAT/LON1/LON2/DLON/H
   72   73   74   75   76   76   77   77   77   78   78   79   79   80   81   83
   84   85   87   88   89   90   91   91   92   92   91   90   88   86   84   81
   79   77   76   75   77   79   83   89   95  102  110  118  126  133  140  146
  150  154  156  157  156  155  152  148  143  137  130  123  116  109  102   95
   89   83   79   75   73   72   72   72   72
    72.5-180.0 180.0   5.0 450.0                            LAT/LON1/LON2/DLON/H
   70   71   72   73   74   75   75   75   76   76   76   77   78   79   80   81
   83   84   85   86   88   89   90   90   91   91   91   90   88   86   83   80
   77   74   73   72   74   77   83   90   99  109  119  130  140  149  157  163
  169  173  177  179  179  178  176  172  167  161  153  145  136  127  117  107
   98   90   83   77   73   71   70   69   70
    70.0-180.0 180.0   5.0 450.0                            LAT/LON1/LON2/DLON/H
   65   66   67   68   70   71   71   72   73   73   74   75   76   78   79   80
   81   82   83   84   85   86   87   87   88   88   88   88   86   84   81   78
   74   71   69   69   71   76   83   93  104  117  130  143  155  166  174  181
  187  192  196  199  200  200  198  195  190  183  175  165  155  143  131  118
  106   95   85   77   72   68   66   65   65
    67.5-180.0 180.0   5.0 450.0                            LAT/LON1/LON2/DLON/H
   60   60   61   62   63   64   66   67   69   70   71   73   75   76   77   78
   79   80   81   81   82   83   83   83   83   83   84   84   83   81   78   74
   71   68   66   67   70   76   85   97  111  127  143  158  172  183  192  199
  205  209  213  216  218  218  217  213  208  201  192  182  170  157  143  127
  112   98   86   77   70   65   62   60   60
    65.0-180.0 180.0   5.0 450.0                            LAT/LON1/LON2/DLON/H
   55   54   54   55   56   57   59   61   63   66   68   71   73   75   76   77
   77   78   78   79   79   79   78   77   76   77   77   78   77   76   74   71
   68   65   64   65   69   77   89  103  120  138  156  173  188  200  209  215
  220  224  227  230  232  232  230  226  220  212  203  193  181  167  151  133
  116  100   86   75   67   62   58   56   55
    62.5-180.0 180.0   5.0 450.0                            LAT/LON1/LON2/DLON/H
   52   51   50   50   50   51   53   55   57   61   64   67   70   73   74   75
   75   76   76   76   76   75   73   71   69   69   70   71   72   71   69   67
   65   63   63   65   71   81   94  110  129  149  168  187  203  215  223  229
  232  235  237  240  242  241  239  234  227  219  210  200  188  173  156  138
  119  101   86   74   66   60   56   53   52
    60.0-180.0 180.0   5.0 450.0                            LAT/LON1/LON2/DLON/H
   53   51   50   48   48   47   48   50   52   56   60   64   67   70   71   72
   73   73   73   73   73   71   68   65   63   62   64   66   66   66   65   64
   63   62   63   67   74   85  100  118  138  158  179  197  214  226  234  239
  241  242  244  247  248  248  244  239  232  224  215  205  194  179  161  141
  121  102   87   75   66   60   57   55   53
    57.5-180.0 180.0   5.0 450.0                            LAT/LON1/LON2/DLON/H
   58   57   55   52   50   48   47   47   49   52   56   60   63   66   67   68
   69   69   69   69   68   66   62   59   57   57   59   61   62   62   62   62
   62   63   65   70   78   90  106  125  145  165  185  204  221  234  243  247
  248  248  250  251  252  252  249  243  236  228  220  211  200  185  167  146
  125  105   89   77   69   63   61   59   58
    55.0-180.0 180.0   5.0 450.0                            LAT/LON1/LON2/DLON/H
   66   65   64   61   57   53   50   48   48   50   53   56   60   62   63   64
   64   64   64   64   63   61   57   54   53   54   58   60   61   60   60   61
   63   66   69   75   84   96  113  131  151  170  190  209  227  241  250  254
  254  253  253  254  255  255  252  247  241  235  228  220  209  194  175  154
  131  111   94   82   73   68   66   66   66
    52.5-180.0 180.0   5.0 450.0                            LAT/LON1/LON2/DLON/H
   75   75   75   72   68   62   56   52   50   50   52   55   57   59   59   59
   59   59   59   59   58   56   53   51   51   54   59   62   62   61   60   62
   66   70   75   82   91  104  120  138  156  175  194  213  231  247  258  261
  260  258  257  257  258  257  256  252  248  243  238  230  220  205  186  164
  141  119  102   89   80   75   73   74   75
    50.0-180.0 180.0   5.0 450.0                            LAT/LON1/LON2/DLON/H
   83   84   84   83   78   72   65   58   54   53   53   55   57   57   57   56
   56   56   56   56   55   53   51   50   52   57   62   65   65   63   63   66
   71   77   83   90  100  112  128  145  163  180  198  217  237  255  267  271
  268  264  261  260  260  260  259  257  254  250  246  240  229  215  196  174
  150  129  110   97   87   82   80   81   83
    47.5-180.0 180.0   5.0 450.0                            LAT/LON1/LON2/DLON/H
   87   89   91   91   87   81   73   65   60   57   57   58   59   59   57   55
   55   55   56   56   56   54   53   53   56   62   68   71   70   68   68   72
   78   86   94  101  110  122  137  154  171  187  205  224  245  264  278  282
  278  271  266  264  262  262  261  259  257  255  251  245  235  222  204  182
  159  137  119  104   94   88   85   86   87
    45.0-180.0 180.0   5.0 450.0                            LAT/LON1/LON2/DLON/H
   89   91   93   94   92   86   79   71   65   63   62   64   64   63   60   58
   58   59   61   62   62   61   60   61   64   70   75   77   76   74   75   80
   88   97  106  113  122  134  148  164  181  197  214  232  253  274  288  293
  288  281  274  270  267  264  262  259  257  253  249  242  233  221  206  186
  164  143  124  110   99   92   89   88   89
    42.5-180.0 180.0   5.0 450.0                            LAT/LON1/LON2/DLON/H
   88   89   91   93   92   87   81   75   71   69   70   72   72   70   66   64
   65   68   71   73   75   75   74   75   77   80   83   84   82   81   83   89
   99  109  118  126  135  145  159  175  192  209  224  241  261  282  297  303
  299  292  285  279  273  268  263  257  252  246  240  232  224  214  201  184
  164  144  126  112  102   95   91   89   88
    40.0-180.0 180.0   5.0 450.0                            LAT/LON1/LON2/DLON/H
   86   86   87   89   89   86   80   76   75   76   79   81   82   78   74   72
   75   80   85   89   92   93   92   92   92   92   92   91   88   87   90   97
  108  120  131  139  147  158  171  187  205  221  235  250  268  287  302  309
  309  305  299  292  284  276  268  259  250  240  231  222  214  206  196  181
  162  142  124  111  101   95   91   88   86
    37.5-180.0 180.0   5.0 450.0                            LAT/LON1/LON2/DLON/H
   85   83   83   84   85   82   78   76   78   83   89   93   93   88   83   82
   86   93  101  107  110  112  111  109  107  104  101   97   93   92   95  103
  116  130  142  151  160  170  183  200  218  234  247  258  272  289  303  313
  318  320  318  312  304  294  283  270  257  244  231  220  212  206  198  183
  163  142  123  110  100   94   90   87   85
    35.0-180.0 180.0   5.0 450.0                            LAT/LON1/LON2/DLON/H
   85   82   80   80   80   78   75   76   82   91   99  104  104   99   93   92
   97  106  115  122  127  128  128  125  120  115  109  102   97   95   97  106
  121  137  152  163  172  182  196  214  233  247  257  265  275  288  303  316
  328  339  343  342  335  325  313  299  282  265  248  235  227  223  215  198
  175  150  129  114  104   98   93   89   85
    32.5-180.0 180.0   5.0 450.0                            LAT/LON1/LON2/DLON/H
   89   84   80   78   76   75   73   76   85   96  107  114  114  109  102  101
  107  116  126  133  138  139  138  135  129  122  114  106   99   95   97  107
  124  143  160  173  183  194  210  229  248  261  268  273  280  291  305  322
  342  362  376  381  380  375  365  350  332  311  291  276  268  264  255  233
  202  171  145  128  117  109  102   95   89
    30.0-180.0 180.0   5.0 450.0                            LAT/LON1/LON2/DLON/H
  100   91   83   78   75   73   73   76   86   99  111  119  121  116  110  109
  114  123  132  139  143  143  142  139  134  127  118  108  100   95   97  107
  126  148  168  183  194  206  223  246  265  277  283  286  291  301  315  336
  363  392  416  432  440  442  436  422  402  378  355  338  332  329  317  288
  248  208  177  156  143  132  121  109  100
    27.5-180.0 180.0   5.0 450.0                            LAT/LON1/LON2/DLON/H
  117  103   91   81   76   74   74   78   86   98  110  119  123  119  114  114
  118  126  134  140  143  142  141  139  135  129  121  111  102   97   98  108
  129  154  176  193  205  217  237  263  285  298  304  308  313  322  337  361
  393  429  461  487  505  514  513  501  480  454  428  410  405  405  390  353
  305  258  221  198  184  170  151  132  117
    25.0-180.0 180.0   5.0 450.0                            LAT/LON1/LON2/DLON/H
  142  123  105   90   82   79   78   80   86   94  103  113  118  117  115  115
  119  125  132  137  139  138  137  136  134  130  124  115  106  101  102  113
  134  160  184  203  215  228  251  282  308  325  335  342  349  358  372  395
  427  465  503  537  564  579  583  572  551  524  496  478  476  478  461  418
  364  312  272  248  234  217  191  164  142
    22.5-180.0 180.0   5.0 450.0                            LAT/LON1/LON2/DLON/H
  172  148  124  104   92   87   85   85   87   91   96  104  110  112  111  112
  115  120  126  130  132  132  132  132  133  132  129  121  113  108  111  122
  142  167  193  213  226  241  266  301  334  358  375  387  394  401  413  432
  461  497  535  573  605  625  631  623  602  574  547  530  531  535  518  472
  415  363  323  300  287  267  235  200  172
    20.0-180.0 180.0   5.0 450.0                            LAT/LON1/LON2/DLON/H
  203  175  147  122  106   99   96   95   94   92   92   97  103  106  107  108
  109  112  117  122  124  125  127  130  133  136  135  129  122  119  122  133
  151  175  201  223  238  254  282  322  362  393  418  435  443  446  453  467
  489  518  551  587  618  639  647  641  623  598  572  557  560  567  550  506
  452  405  369  349  335  313  276  236  203
    17.5-180.0 180.0   5.0 450.0                            LAT/LON1/LON2/DLON/H
  233  201  169  141  122  113  111  111  108  102   96   97  101  104  105  105
  103  104  107  112  116  120  124  129  134  140  142  138  132  130  134  144
  161  184  209  233  251  269  299  342  387  426  458  479  486  485  486  493
  505  523  547  576  604  625  636  635  622  602  580  566  570  577  561  519
  472  434  405  386  372  348  310  268  233
    15.0-180.0 180.0   5.0 450.0                            LAT/LON1/LON2/DLON/H
  256  222  188  157  137  127  127  130  129  121  112  108  108  109  108  105
  101   98  100  105  110  115  121  128  136  144  148  145  140  138  143  154
  169  191  217  243  264  284  314  358  407  452  488  511  515  510  506  506
  510  517  530  552  576  597  612  617  612  598  580  567  568  572  557  521
  482  454  433  414  396  370  332  291  256
    12.5-180.0 180.0   5.0 450.0                            LAT/LON1/LON2/DLON/H
  271  237  201  169  147  138  141  149  152  146  136  130  127  123  119  112
  103   98   98  102  107  113  121  129  137  146  151  149  144  143  148  159
  175  196  224  251  275  298  327  370  419  465  502  523  526  519  513  510
  508  506  509  524  546  568  586  599  604  599  583  568  563  561  546  516
  487  469  453  433  410  382  346  307  271
    10.0-180.0 180.0   5.0 450.0                            LAT/LON1/LON2/DLON/H
  282  245  208  175  152  144  150  163  172  169  162  155  150  144  135  125
  114  105  102  104  108  113  121  130  138  146  150  148  144  142  147  160
  178  200  228  258  284  307  335  374  420  463  498  518  521  516  511  508
  503  495  493  505  526  550  573  594  610  614  599  578  562  551  534  512
  492  480  467  446  419  389  354  318  282
     7.5-180.0 180.0   5.0 450.0                            LAT/LON1/LON2/DLON/H
  289  251  212  177  153  143  151  169  183  186  182  177  172  164  154  142
  128  118  113  111  112  116  123  131  138  144  146  144  139  137  144  158
  179  203  231  261  288  311  336  371  411  451  482  501  507  506  504  503
  499  491  489  502  525  551  577  606  633  644  628  598  568  544  527  512
  499  489  477  456  426  394  360  325  289
     5.0-180.0 180.0   5.0 450.0                            LAT/LON1/LON2/DLON/H
  296  257  217  180  152  140  147  166  183  191  192  191  187  181  171  158
  144  132  125  121  119  121  126  132  137  140  140  137  132  131  139  156
  179  204  232  261  287  309  332  362  398  433  461  480  488  492  496  499
  499  495  497  514  540  568  594  627  663  679  661  621  575  540  522  515
  508  497  484  464  435  402  367  332  296
     2.5-180.0 180.0   5.0 450.0                            LAT/LON1/LON2/DLON/H
  306  267  226  186  155  139  142  158  175  185  189  190  190  188  181  170
  157  145  137  131  127  126  129  134  135  135  133  129  125  126  135  154
  179  205  231  258  283  304  325  352  383  414  439  459  472  480  488  497
  502  504  512  533  563  591  617  652  692  710  689  640  582  536  519  519
  516  502  487  471  445  411  375  341  306
