ionex_esag_emptyfiles/esag2670.12i
     1.0            IONOSPHERE MAPS     GPS                 IONEX VERSION / TYPE
GIM V3.0            JPL - GNISD         26-sep-2012 05:40   PGM / RUN BY / DATE 
JPL'S GLOBAL IONOSPHERE MAPS YEAR 2012 DAY 267              COMMENT             
Global Ionospheric Maps (GIM) are generated on an hourly    DESCRIPTION         
and daily basis at JPL using data from up to 100 GPS sites  DESCRIPTION         
of the IGS and others institutions.                         DESCRIPTION         
The vertical TEC is modeled in a solar-geomagnetic          DESCRIPTION         
reference frame using bi-cubic splines on a spherical grid. DESCRIPTION         
A Kalman filter is used to solve simultaneously for         DESCRIPTION         
instrumental biases and VTEC on the grid (as stochastic     DESCRIPTION         
parameters).                                                DESCRIPTION         
Contact Address:  gpsiono@cobra.jpl.nasa.gov .              DESCRIPTION         
  2012     9    23     0     0     0                        EPOCH OF FIRST MAP  
  2012     9    24     0     0     0                        EPOCH OF LAST MAP   
  7200                                                      INTERVAL            
    13                                                      # OF MAPS IN FILE   
  NONE                                                      MAPPING FUNCTION    
    10.0                                                    ELEVATION CUTOFF    
One-way carrier phase leveled to code                       OBSERVABLES USED    
   170                                                      # OF STATIONS       
    31                                                      # OF SATELLITES     
  6371.0                                                    BASE RADIUS         
     2                                                      MAP DIMENSION       
   450.0 450.0   0.0                                        HGT1 / HGT2 / DHGT  
    87.5 -87.5  -2.5                                        LAT1 / LAT2 / DLAT  
  -180.0 180.0   5.0                                        LON1 / LON2 / DLON  
    -1                                                      EXPONENT            
TEC/RMS values in 0.1 TECU; 9999, if no value available     COMMENT             
                                                            END OF HEADER       
[from data line 1287]
     4                                                      START OF TEC MAP    
  2012     9    23     6     0     0                        EPOCH OF CURRENT MAP
    87.5-180.0 180.0   5.0 450.0                            LAT/LON1/LON2/DLON/H
  152  151  150  149  148  147  146  145  144  143  142  141  140  140  139  138
  138  137  137  137  137  137  137  138  138  139  139  140  141  142  143  145
  146  147  149  150  151  153  154  156  157  158  160  161  162  163  164  164
  165  165  166  166  166  166  165  165  165  164  164  163  162  162  161  160
  159  159  158  157  156  155  154  153  152
    85.0-180.0 180.0   5.0 450.0                            LAT/LON1/LON2/DLON/H
  160  158  156  154  152  150  148  145  143  141  139  137  135  134  132  130
  129  128  127  126  126  126  126  127  127  128  130  131  133  135  137  139
  142  144  147  150  153  156  159  162  165  168  171  174  176  178  180  182
  183  184  184  184  184  184  183  182  181  179  178  177  175  174  173  171
  170  169  168  167  166  164  163  161  160
    82.5-180.0 180.0   5.0 450.0                            LAT/LON1/LON2/DLON/H
  169  166  163  160  156  153  149  145  142  139  136  133  131  128  126  124
  122  121  119  118  117  116  116  117  118  119  121  122  125  127  130  133
  137  140  144  149  153  158  162  167  172  177  181  186  190  194  197  200
  202  203  203  203  203  202  200  198  196  194  192  189  187  186  184  183
  182  181  179  178  177  175  173  171  169
    80.0-180.0 180.0   5.0 450.0                            LAT/LON1/LON2/DLON/H
  176  172  167  162  156  151  146  142  137  134  131  128  125  123  120  118
  116  114  112  111  110  109  108  109  109  111  112  115  118  121  124  128
  132  137  142  147  152  158  164  170  177  183  190  196  202  207  212  215
  218  220  221  221  219  218  215  213  210  207  204  201  198  196  195  194
  193  192  191  190  188  186  183  180  176
    77.5-180.0 180.0   5.0 450.0                            LAT/LON1/LON2/DLON/H
  181  174  167  160  153  146  140  135  131  128  125  123  122  120  118  116
  113  111  108  106  104  103  102  102  102  104  106  108  111  115  119  123
  128  133  139  145  151  158  165  172  180  188  196  204  211  218  223  228
  231  233  234  233  232  229  226  223  220  216  213  210  208  206  204  204
  203  202  201  199  197  194  191  186  181
    75.0-180.0 180.0   5.0 450.0                            LAT/LON1/LON2/DLON/H
  181  174  165  157  148  140  133  128  125  122  121  120  120  119  117  115
  112  109  106  103  100   98   97   96   96   98   99  102  105  108  112  117
  122  128  135  141  148  156  164  173  181  191  200  209  218  226  232  237
  240  242  242  241  239  236  233  229  226  223  220  217  215  213  212  211
  210  209  207  205  202  199  194  188  181
    72.5-180.0 180.0   5.0 450.0                            LAT/LON1/LON2/DLON/H
  182  174  165  155  145  136  128  123  120  118  118  118  117  117  115  113
  110  107  104  100   97   95   93   92   92   92   94   96   98  101  104  109
  114  120  127  135  144  153  162  171  181  192  202  212  222  231  238  243
  246  247  246  245  242  239  236  233  230  228  225  223  221  219  218  217
  215  213  210  207  203  199  194  188  182
    70.0-180.0 180.0   5.0 450.0                            LAT/LON1/LON2/DLON/H
  184  176  168  157  146  136  127  121  117  115  115  115  114  114  112  110
  108  105  101   98   95   92   90   88   88   88   88   89   91   92   95   98
  103  110  118  127  137  148  158  169  180  191  202  214  225  234  242  247
  250  250  249  247  244  242  239  237  234  232  230  227  225  223  222  220
  217  214  210  206  202  198  194  189  184
    67.5-180.0 180.0   5.0 450.0                            LAT/LON1/LON2/DLON/H
  188  183  175  164  152  141  130  122  117  114  112  111  110  109  108  106
  104  101   98   95   92   89   87   85   84   83   83   83   83   83   84   87
   91   98  107  117  129  141  154  165  177  189  202  214  226  237  246  251
  254  254  253  250  248  245  243  241  239  237  234  231  228  226  223  221
  217  213  209  204  200  196  194  191  188
    65.0-180.0 180.0   5.0 450.0                            LAT/LON1/LON2/DLON/H
  194  191  184  174  162  149  137  127  119  114  110  108  106  105  103  102
  100   97   95   92   89   86   84   82   80   79   78   77   76   75   75   76
   80   87   96  108  121  135  149  162  175  188  201  215  228  240  250  256
  259  259  258  256  254  252  251  249  247  244  240  235  231  226  223  220
  216  211  206  202  198  196  195  195  194
    62.5-180.0 180.0   5.0 450.0                            LAT/LON1/LON2/DLON/H
  199  198  193  184  172  159  145  133  123  115  109  105  102  100   98   97
   95   93   91   88   86   84   82   79   78   76   74   72   70   69   68   69
   72   78   88  100  115  130  145  160  174  187  202  217  231  244  254  262
  265  266  266  264  263  262  261  259  256  252  246  239  232  227  222  218
  214  210  205  201  198  196  197  198  199
    60.0-180.0 180.0   5.0 450.0                            LAT/LON1/LON2/DLON/H
  200  201  198  191  180  167  152  139  127  117  108  103   99   96   94   93
   91   89   88   86   84   82   80   78   76   74   72   70   68   66   65   65
   67   73   82   95  110  127  143  159  174  189  204  220  236  250  261  269
  273  274  275  274  274  273  272  270  266  260  251  243  234  227  222  218
  214  210  206  203  200  198  198  199  200
    57.5-180.0 180.0   5.0 450.0                            LAT/LON1/LON2/DLON/H
  198  199  197  192  184  172  158  144  131  119  109  102   96   93   91   90
   88   87   86   84   83   81   79   78   76   75   73   72   70   68   66   66
   67   72   81   93  109  125  143  160  176  193  210  227  243  258  270  277
  282  284  285  285  285  285  283  280  274  266  257  247  238  231  226  222
  218  214  211  207  204  202  199  198  198
    55.0-180.0 180.0   5.0 450.0                            LAT/LON1/LON2/DLON/H
  195  195  193  190  183  173  161  148  134  122  111  102   96   91   89   88
   87   87   86   85   83   82   80   79   78   78   78   77   76   74   72   70
   71   74   82   94  109  127  145  163  180  199  217  235  252  268  280  288
  292  293  294  296  297  296  293  288  280  271  261  252  244  238  234  231
  227  223  219  216  212  208  202  198  195
    52.5-180.0 180.0   5.0 450.0                            LAT/LON1/LON2/DLON/H
  195  192  190  187  181  173  163  151  138  125  113  104   96   92   89   88
   88   88   88   87   86   84   83   82   83   83   85   86   85   83   79   76
   76   79   86   98  113  130  148  167  186  206  225  244  263  279  292  299
  303  303  304  305  307  306  302  294  285  275  266  258  252  248  247  244
  241  236  232  229  225  219  209  201  195
    50.0-180.0 180.0   5.0 450.0                            LAT/LON1/LON2/DLON/H
  201  196  192  188  182  173  164  153  142  130  118  107   99   93   90   90
   90   91   91   91   90   88   88   88   89   90   93   94   94   91   87   83
   81   84   91  103  119  136  154  173  193  213  234  254  273  290  304  313
  315  314  313  315  317  317  312  303  292  281  272  265  261  260  261  260
  256  252  249  247  243  235  223  211  201
    47.5-180.0 180.0   5.0 450.0                            LAT/LON1/LON2/DLON/H
  216  209  204  196  186  176  166  157  146  135  124  113  104   97   93   92
   93   94   96   96   95   95   95   95   97   98  100  102  101   97   92   87
   85   88   96  109  125  143  160  179  199  220  241  262  282  301  317  326
  328  326  324  326  329  330  325  316  304  292  281  273  270  270  273  273
  271  267  265  265  263  255  242  228  216
    45.0-180.0 180.0   5.0 450.0                            LAT/LON1/LON2/DLON/H
  237  230  223  212  197  182  170  160  151  142  131  121  110  102   97   95
   97   99  101  102  103  103  104  105  106  107  107  106  104   99   93   88
   87   91  101  115  132  150  168  186  206  227  248  269  290  311  328  339
  342  339  337  340  345  348  345  337  325  310  296  284  277  276  279  281
  281  279  279  281  281  275  263  248  237
    42.5-180.0 180.0   5.0 450.0                            LAT/LON1/LON2/DLON/H
  258  253  245  231  210  190  175  164  156  148  140  129  118  109  102  100
  101  105  108  110  112  113  115  116  116  115  112  109  103   97   91   87
   87   93  104  120  138  156  174  193  213  233  254  275  296  318  337  350
  354  353  352  357  364  371  372  368  358  340  319  298  284  276  277  281
  284  285  287  292  294  290  280  267  258
    40.0-180.0 180.0   5.0 450.0                            LAT/LON1/LON2/DLON/H
  274  270  262  245  221  198  179  167  160  155  148  139  127  116  108  105
  107  111  115  118  121  124  127  128  126  123  117  109  101   93   87   85
   86   93  105  122  141  161  180  200  219  239  260  280  302  323  343  358
  365  367  370  379  391  402  410  413  406  385  356  325  299  282  277  280
  285  287  291  296  299  297  289  279  274
    37.5-180.0 180.0   5.0 450.0                            LAT/LON1/LON2/DLON/H
  277  274  267  250  226  201  181  168  162  160  156  149  137  125  115  111
  113  117  122  126  130  135  139  140  137  131  121  110   99   90   84   83
   85   93  105  123  143  164  185  206  226  245  266  286  306  327  347  363
  374  382  392  407  425  444  462  474  472  452  416  374  335  306  293  293
  297  298  299  300  300  296  289  281  277
    35.0-180.0 180.0   5.0 450.0                            LAT/LON1/LON2/DLON/H
  269  262  254  240  220  198  178  166  162  163  163  158  148  135  124  118
  119  124  128  133  138  144  150  151  148  140  127  112   98   88   83   82
   86   92  104  122  144  167  189  211  232  252  272  292  311  329  348  367
  384  400  419  444  471  501  530  554  561  543  505  455  403  361  338  331
  331  328  323  316  308  297  286  276  269
    32.5-180.0 180.0   5.0 450.0                            LAT/LON1/LON2/DLON/H
  259  243  229  217  204  188  171  159  158  163  167  164  156  144  132  126
  126  129  133  137  143  150  157  161  158  149  134  116  100   88   84   84
   87   92  103  121  144  168  192  216  238  259  279  299  315  332  351  373
  396  421  453  489  531  574  618  655  673  664  629  576  515  461  425  408
  399  387  372  352  331  310  291  274  259
    30.0-180.0 180.0   5.0 450.0                            LAT/LON1/LON2/DLON/H
  257  230  208  195  187  174  159  149  149  158  165  166  161  150  139  132
  131  134  137  139  145  154  163  168  168  159  142  123  105   92   87   88
   90   93  102  120  143  169  195  220  243  265  286  305  321  337  357  383
  413  449  493  545  602  661  720  768  798  800  774  723  658  596  551  523
  504  483  455  419  380  343  311  284  257
    27.5-180.0 180.0   5.0 450.0                            LAT/LON1/LON2/DLON/H
  275  236  205  189  179  166  149  137  138  147  157  161  160  152  143  136
  135  136  138  140  146  156  167  175  177  169  152  131  112   99   94   94
   94   95  102  119  143  170  197  222  247  270  292  311  326  344  367  398
  435  481  536  601  672  746  815  872  910  924  909  865  802  737  685  651
  626  599  562  512  457  403  356  315  275
    25.0-180.0 180.0   5.0 450.0                            LAT/LON1/LON2/DLON/H
  324  275  236  212  191  168  146  132  130  136  145  150  152  148  142  136
  135  136  137  140  147  158  171  182  186  180  163  142  123  109  103  102
  100   97  102  119  143  170  197  223  248  273  296  315  332  352  382  419
  461  513  575  648  728  809  883  943  986 1008 1004  970  914  852  800  763
  738  711  670  612  546  480  421  372  324
    22.5-180.0 180.0   5.0 450.0                            LAT/LON1/LON2/DLON/H
  394  349  309  272  229  187  157  140  133  133  137  140  142  140  136  132
  131  132  134  140  150  163  177  190  197  192  176  156  137  123  116  111
  106  100  102  118  142  169  196  222  248  274  297  317  336  362  398  441
  487  540  603  675  754  834  905  960 1000 1024 1028 1006  961  910  865  834
  815  796  759  701  630  559  494  442  394
    20.0-180.0 180.0   5.0 450.0                            LAT/LON1/LON2/DLON/H
  473  439  406  360  292  228  189  169  156  147  142  140  138  135  130  127
  125  127  131  140  155  171  186  200  208  205  190  170  152  138  129  121
  111  102  101  116  140  166  192  218  245  272  298  319  341  373  416  463
  509  557  612  673  739  806  864  907  938  959  967  955  926  890  857  838
  833  829  806  757  693  624  561  512  473
    17.5-180.0 180.0   5.0 450.0                            LAT/LON1/LON2/DLON/H
  542  526  505  453  363  280  240  223  206  185  168  157  148  138  129  125
  123  123  128  142  163  182  197  211  219  217  202  183  165  151  140  128
  115  102   99  112  135  161  187  213  240  269  297  320  346  383  432  482
  524  563  601  641  686  734  775  804  825  840  849  847  834  815  796  788
  797  809  802  769  718  660  607  568  542
    15.0-180.0 180.0   5.0 450.0                            LAT/LON1/LON2/DLON/H
  585  589  584  530  425  334  300  292  275  247  222  201  177  154  137  131
  128  126  131  148  172  192  207  220  228  226  212  193  175  160  146  131
  114   99   95  106  128  154  180  207  235  266  296  323  353  395  448  497
  534  559  578  594  616  644  668  684  695  705  714  721  723  719  713  715
  736  759  764  745  709  665  623  595  585
    12.5-180.0 180.0   5.0 450.0                            LAT/LON1/LON2/DLON/H
  593  610  619  571  466  377  356  362  350  321  293  265  228  187  159  149
  145  139  140  156  181  201  214  225  233  231  217  196  177  160  144  127
  109   93   89   99  121  147  174  201  230  263  296  326  361  407  461  508
  538  552  553  548  549  559  569  575  581  589  601  616  630  638  642  652
  677  704  715  705  681  649  617  595  593
    10.0-180.0 180.0   5.0 450.0                            LAT/LON1/LON2/DLON/H
  578  597  610  568  473  400  396  417  414  391  366  337  289  230  191  181
  176  164  157  168  190  206  216  224  231  229  214  193  171  152  134  117
   99   86   83   93  115  142  170  197  227  261  296  331  369  417  470  515
  539  544  533  515  504  504  507  510  515  527  545  567  588  606  617  629
  648  669  675  667  650  627  601  581  578
     7.5-180.0 180.0   5.0 450.0                            LAT/LON1/LON2/DLON/H
  557  567  575  535  455  399  409  443  452  440  426  401  346  275  228  219
  214  196  180  183  198  208  212  218  224  221  206  184  160  138  120  104
   89   78   78   90  113  140  169  196  225  259  296  333  374  422  474  516
  537  539  526  506  493  491  493  497  506  525  551  579  604  628  646  659
  669  673  665  649  631  613  590  567  557
     5.0-180.0 180.0   5.0 450.0                            LAT/LON1/LON2/DLON/H
  546  539  533  494  427  385  400  436  454  456  458  444  389  313  264  257
  253  229  205  199  205  209  208  210  215  211  195  171  145  123  105   91
   79   72   75   90  114  143  171  197  225  257  293  332  374  422  471  510
  532  538  530  518  511  512  516  522  536  564  598  629  656  683  709  722
  720  705  680  653  633  617  595  568  546
     2.5-180.0 180.0   5.0 450.0                            LAT/LON1/LON2/DLON/H
  561  533  506  463  405  371  382  412  431  443  457  455  409  338  293  288
  284  256  226  214  214  212  207  206  207  201  183  158  131  109   93   81
   73   70   76   94  119  147  174  198  224  253  288  326  367  413  459  498
  523  536  540  540  544  552  561  572  591  625  665  697  720  748  778  791
  777  745  704  668  647  635  620  594  561
