ionex_esag_emptyfiles/esag2700.12i
     1.0            IONOSPHERE MAPS     GPS                 IONEX VERSION / TYPE
GIM V3.0            JPL - GNISD         29-sep-2012 05:31   PGM / RUN BY / DATE 
JPL'S GLOBAL IONOSPHERE MAPS YEAR 2012 DAY 270              COMMENT             
Global Ionospheric Maps (GIM) are generated on an hourly    DESCRIPTION         
and daily basis at JPL using data from up to 100 GPS sites  DESCRIPTION         
of the IGS and others institutions.                         DESCRIPTION         
The vertical TEC is modeled in a solar-geomagnetic          DESCRIPTION         
reference frame using bi-cubic splines on a spherical grid. DESCRIPTION         
A Kalman filter is used to solve simultaneously for         DESCRIPTION         
instrumental biases and VTEC on the grid (as stochastic     DESCRIPTION         
parameters).                                                DESCRIPTION         
Contact Address:  gpsiono@cobra.jpl.nasa.gov .              DESCRIPTION         
  2012     9    26     0     0     0                        EPOCH OF FIRST MAP  
  2012     9    27     0     0     0                        EPOCH OF LAST MAP   
  7200                                                      INTERVAL            
    13                                                      # OF MAPS IN FILE   
  NONE                                                      MAPPING FUNCTION    
    10.0                                                    ELEVATION CUTOFF    
One-way carrier phase leveled to code                       OBSERVABLES USED    
   170                                                      # OF STATIONS       
    31                                                      # OF SATELLITES     
  6371.0                                                    BASE RADIUS         
     2                                                      MAP DIMENSION       
   450.0 450.0   0.0                                        HGT1 / HGT2 / DHGT  
    87.5 -87.5  -2.5                                        LAT1 / LAT2 / DLAT  
  -180.0 180.0   5.0                                        LON1 / LON2 / DLON  
    -1                                                      EXPONENT            
TEC/RMS values in 0.1 TECU; 9999, if no value available     COMMENT             
                                                            END OF HEADER       
[from data line 5148]
    13                                                      START OF TEC MAP    
  2012     9    27     0     0     0                        EPOCH OF CURRENT MAP
    87.5-180.0 180.0   5.0 450.0                            LAT/LON1/LON2/DLON/H
  196  197  198  199  200  200  201  201  202  202  202  202  201  201  200  199
  198  197  195  194  192  191  189  187  185  184  182  180  178  176  174  173
  171  170  169  167  167  166  165  165  164  164  164  164  165  165  166  166
  167  168  168  169  170  171  172  173  174  175  177  178  179  180  182  183
  185  186  187  189  190  192  193  194  196
    85.0-180.0 180.0   5.0 450.0                            LAT/LON1/LON2/DLON/H
  210  213  216  218  220  222  224  225  226  226  226  226  225  224  222  221
  219  216  213  210  207  204  200  197  193  189  185  181  177  174  170  167
  164  161  158  156  155  154  153  153  153  153  154  155  156  157  158  160
  161  163  164  165  167  168  170  171  173  175  176  178  180  182  184  186
  189  191  194  196  199  202  205  208  210
    82.5-180.0 180.0   5.0 450.0                            LAT/LON1/LON2/DLON/H
  225  229  233  237  241  244  246  248  249  250  250  249  248  246  243  240
  237  234  230  226  221  217  212  207  202  196  190  185  179  174  168  163
  159  155  152  149  147  146  146  146  147  148  150  152  154  156  158  160
  162  163  165  167  168  170  171  173  174  176  178  180  182  184  186  189
  192  195  199  203  207  211  216  220  225
    80.0-180.0 180.0   5.0 450.0                            LAT/LON1/LON2/DLON/H
  238  245  251  256  261  266  269  271  273  273  272  270  267  264  259  255
  250  246  241  236  231  226  221  215  210  203  197  190  183  177  170  163
  158  153  149  146  144  144  144  145  147  149  152  154  157  159  161  163
  165  167  168  169  171  172  173  175  176  178  179  181  184  186  189  192
  195  199  204  209  214  220  226  232  238
    77.5-180.0 180.0   5.0 450.0                            LAT/LON1/LON2/DLON/H
  251  259  267  275  281  287  292  294  295  295  292  288  283  277  270  263
  257  250  244  239  234  229  225  220  215  209  203  196  188  180  173  165
  158  153  149  146  145  145  146  148  150  153  156  158  161  162  164  165
  166  167  168  169  169  170  172  173  175  177  179  182  185  188  191  195
  199  203  209  214  221  227  235  243  251
    75.0-180.0 180.0   5.0 450.0                            LAT/LON1/LON2/DLON/H
  261  271  281  291  300  308  314  317  318  317  312  306  297  287  277  267
  257  249  241  235  230  226  223  220  216  212  207  200  192  183  175  166
  159  153  149  147  147  147  149  151  154  156  159  160  162  162  162  162
  161  161  161  161  162  163  165  168  171  174  178  182  186  190  194  198
  203  208  213  219  226  234  242  251  261
    72.5-180.0 180.0   5.0 450.0                            LAT/LON1/LON2/DLON/H
  268  280  292  304  316  326  333  338  340  338  332  324  312  299  284  270
  257  245  236  229  224  221  219  217  214  210  206  200  193  184  174  165
  157  152  148  146  146  148  150  152  154  156  157  157  156  154  153  151
  149  148  148  148  150  152  155  160  164  170  176  182  187  193  198  203
  208  213  219  225  231  239  247  257  268
    70.0-180.0 180.0   5.0 450.0                            LAT/LON1/LON2/DLON/H
  271  283  297  311  325  338  349  356  359  358  352  342  329  312  294  276
  259  244  233  225  220  217  215  212  209  206  201  196  189  180  171  161
  153  147  144  143  144  145  147  148  149  149  148  146  143  141  138  135
  133  132  132  133  135  139  144  151  158  166  174  182  190  198  204  210
  215  220  225  230  236  243  251  260  271
    67.5-180.0 180.0   5.0 450.0                            LAT/LON1/LON2/DLON/H
  272  284  297  312  327  342  356  367  373  374  370  360  346  327  307  286
  267  250  237  227  221  217  214  209  204  198  193  188  181  173  164  155
  147  141  139  138  139  140  141  140  138  136  133  130  127  124  121  118
  116  115  115  117  121  127  134  143  153  163  174  185  195  204  212  218
  224  229  233  237  242  247  254  262  272
    65.0-180.0 180.0   5.0 450.0                            LAT/LON1/LON2/DLON/H
  275  284  296  309  324  340  355  369  379  384  382  375  361  343  322  300
  280  262  248  236  229  223  217  210  200  191  183  177  171  164  156  147
  140  136  134  134  134  134  132  129  125  122  118  115  112  109  106  104
  103  102  103  106  111  118  127  138  150  164  177  190  202  213  222  230
  235  240  243  247  250  254  260  266  275
    62.5-180.0 180.0   5.0 450.0                            LAT/LON1/LON2/DLON/H
  282  290  299  310  322  336  351  365  377  385  387  383  372  357  337  317
  297  279  263  251  242  234  225  214  200  187  176  168  162  156  150  143
  136  132  131  131  131  129  125  120  114  110  106  103  101  100   99   98
   97   97   98  101  106  114  125  137  151  167  182  197  211  223  234  243
  249  254  257  260  263  266  271  276  282
    60.0-180.0 180.0   5.0 450.0                            LAT/LON1/LON2/DLON/H
  300  306  312  319  327  337  349  361  373  381  386  385  378  367  352  334
  315  297  281  269  258  248  237  222  204  188  174  166  160  155  150  143
  137  133  131  131  131  128  122  116  109  104  101  100  100  100  100  100
   99   98   98  100  105  114  126  140  156  172  189  206  221  235  247  257
  264  269  273  276  279  284  289  295  300
    57.5-180.0 180.0   5.0 450.0                            LAT/LON1/LON2/DLON/H
  328  335  340  343  345  348  353  361  370  378  382  384  381  374  363  349
  332  315  299  286  275  264  250  233  214  196  182  173  167  163  158  151
  144  139  136  135  134  131  125  117  111  107  106  106  107  108  109  108
  107  105  104  105  109  118  130  146  163  181  199  216  232  247  261  271
  280  285  289  293  298  305  312  321  328
    55.0-180.0 180.0   5.0 450.0                            LAT/LON1/LON2/DLON/H
  361  370  376  378  376  372  370  371  374  378  381  383  383  380  373  362
  347  330  315  302  291  279  265  248  230  213  200  192  186  181  174  165
  156  148  144  143  141  138  132  126  121  118  118  119  120  121  122  121
  118  116  113  113  116  125  138  155  173  192  210  227  244  260  274  285
  294  301  305  310  317  327  338  350  361
    52.5-180.0 180.0   5.0 450.0                            LAT/LON1/LON2/DLON/H
  392  404  413  416  413  406  399  393  390  387  386  386  387  387  383  373
  359  343  328  315  304  293  281  266  251  237  226  218  212  204  194  182
  169  159  154  152  151  149  144  140  136  133  133  134  135  136  135  134
  131  127  124  122  125  134  149  167  186  204  222  239  256  271  285  298
  307  314  320  325  334  346  361  377  392
    50.0-180.0 180.0   5.0 450.0                            LAT/LON1/LON2/DLON/H
  413  427  439  445  445  439  430  422  414  407  400  395  394  395  392  384
  370  354  339  327  316  306  296  284  273  262  254  246  237  226  212  196
  182  170  164  162  161  160  157  154  150  148  148  148  148  147  146  145
  142  139  135  133  136  145  161  180  199  217  233  250  266  281  295  308
  318  326  332  338  347  361  378  396  413
    47.5-180.0 180.0   5.0 450.0                            LAT/LON1/LON2/DLON/H
  418  430  443  456  463  463  458  451  442  431  419  410  406  405  402  393
  380  364  349  336  327  319  311  302  293  286  278  269  256  240  222  204
  188  177  172  171  172  171  169  165  162  159  157  156  155  154  154  153
  152  149  146  144  147  156  173  193  212  228  243  259  274  289  303  315
  326  335  341  347  356  371  388  405  418
    45.0-180.0 180.0   5.0 450.0                            LAT/LON1/LON2/DLON/H
  411  415  425  443  460  471  476  474  468  456  441  428  421  417  413  404
  389  373  357  345  336  331  325  318  310  302  293  281  264  243  223  205
  191  182  179  180  180  179  176  172  167  163  159  158  157  158  159  160
  160  159  156  154  157  167  185  204  222  237  251  265  279  293  306  319
  331  341  348  355  364  379  395  407  411
    42.5-180.0 180.0   5.0 450.0                            LAT/LON1/LON2/DLON/H
  404  397  400  418  442  462  477  486  487  479  464  448  437  432  425  414
  399  381  365  353  346  342  339  331  322  311  298  282  261  238  217  202
  192  187  187  188  188  185  179  172  166  161  158  157  158  161  164  167
  167  167  165  163  166  177  194  214  230  243  254  267  280  293  306  320
  333  345  354  362  372  388  403  409  404
    40.0-180.0 180.0   5.0 450.0                            LAT/LON1/LON2/DLON/H
  408  391  387  402  426  451  472  489  499  498  486  469  456  448  440  427
  410  391  374  362  355  353  350  341  328  313  297  277  254  231  212  201
  196  195  196  197  194  187  178  169  162  158  156  157  161  166  171  174
  175  173  171  170  173  184  202  220  235  246  256  268  280  292  304  317
  333  348  360  370  383  401  417  421  408
    37.5-180.0 180.0   5.0 450.0                            LAT/LON1/LON2/DLON/H
  438  416  405  412  432  454  474  493  509  514  507  492  477  467  456  441
  423  403  385  372  365  362  359  348  331  312  292  271  248  227  214  209
  209  210  210  208  202  191  179  168  160  157  158  162  169  175  180  183
  182  179  175  173  177  189  207  225  238  248  257  268  280  291  302  315
  333  351  367  381  398  422  444  451  438
    35.0-180.0 180.0   5.0 450.0                            LAT/LON1/LON2/DLON/H
  500  485  472  470  476  486  498  512  527  535  530  516  501  489  476  460
  439  417  398  383  374  369  364  351  333  311  290  268  248  234  229  231
  233  234  231  226  216  201  185  172  165  164  169  176  183  188  192  191
  187  181  175  173  177  189  208  227  241  250  259  269  281  292  302  316
  335  357  377  396  419  450  482  500  500
    32.5-180.0 180.0   5.0 450.0                            LAT/LON1/LON2/DLON/H
  583  587  582  577  571  562  555  554  560  564  559  544  527  514  500  481
  459  436  415  397  383  373  365  351  333  312  292  274  260  254  258  265
  268  266  261  253  239  221  202  186  179  180  187  194  199  201  200  196
  188  179  172  168  172  185  205  227  243  253  263  274  286  296  307  321
  342  367  392  417  447  486  528  563  583
    30.0-180.0 180.0   5.0 450.0                            LAT/LON1/LON2/DLON/H
  674  702  713  712  699  676  649  627  614  606  594  575  556  541  525  506
  482  457  434  412  392  375  362  350  334  316  300  288  282  285  297  309
  311  306  300  292  276  254  230  211  201  201  207  211  212  209  203  194
  183  172  163  158  162  176  199  224  245  259  269  281  294  306  317  332
  355  383  413  445  482  526  577  629  674
    27.5-180.0 180.0   5.0 450.0                            LAT/LON1/LON2/DLON/H
  756  810  841  849  837  806  764  721  686  661  636  610  587  569  553  532
  507  481  456  429  402  378  361  350  338  326  316  311  313  326  346  360
  359  351  347  342  326  298  267  240  224  220  223  223  217  208  195  183
  171  160  150  145  150  165  190  221  247  265  277  291  305  319  331  348
  372  403  439  479  522  568  622  688  756
    25.0-180.0 180.0   5.0 450.0                            LAT/LON1/LON2/DLON/H
  812  888  940  964  959  928  879  820  767  723  685  650  620  599  581  559
  534  506  477  446  412  384  366  356  349  342  338  342  354  375  400  413
  408  397  397  398  380  345  304  267  242  233  230  222  209  193  177  163
  152  144  135  131  136  153  181  216  249  271  286  301  317  333  348  366
  391  425  466  514  561  606  658  729  812
    22.5-180.0 180.0   5.0 450.0                            LAT/LON1/LON2/DLON/H
  837  924  991 1032 1041 1020  974  910  845  788  737  692  656  630  610  588
  560  530  497  462  426  396  379  371  368  366  369  381  402  430  456  466
  453  440  443  448  428  386  334  286  250  232  223  209  190  170  152  140
  132  127  121  118  124  142  172  212  250  277  295  312  330  348  366  386
  412  446  491  543  593  634  680  749  837
    20.0-180.0 180.0   5.0 450.0                            LAT/LON1/LON2/DLON/H
  834  923  997 1049 1072 1066 1033  978  912  850  792  740  697  666  643  618
  589  555  517  478  443  418  406  400  398  399  407  426  455  486  510  512
  491  472  476  482  460  410  348  289  243  219  206  190  167  145  128  118
  114  113  110  109  115  134  166  209  252  283  303  321  341  362  383  405
  430  463  508  563  612  647  685  748  834
    17.5-180.0 180.0   5.0 450.0                            LAT/LON1/LON2/DLON/H
  806  888  962 1021 1056 1067 1053 1016  964  908  850  793  745  710  682  654
  621  583  541  498  466  450  444  439  437  438  449  472  504  535  553  545
  515  490  490  492  465  410  343  277  226  200  187  170  147  125  110  103
  103  105  104  104  111  130  163  208  254  288  310  331  353  377  400  423
  447  477  517  566  611  641  672  727  806
    15.0-180.0 180.0   5.0 450.0                            LAT/LON1/LON2/DLON/H
  756  827  894  955 1003 1032 1040 1027  999  960  910  854  803  764  732  698
  659  618  572  527  499  492  490  486  482  482  491  513  544  569  578  560
  520  488  480  473  442  389  325  259  207  181  170  156  136  117  104   98
   98  101  101  102  110  128  162  209  257  293  318  341  366  392  418  443
  465  489  520  559  594  617  642  689  756
    12.5-180.0 180.0   5.0 450.0                            LAT/LON1/LON2/DLON/H
  693  744  798  860  921  970 1002 1016 1016 1000  966  917  869  830  793  751
  707  663  616  570  545  542  543  538  532  528  530  545  567  583  578  549
  505  469  452  435  402  355  299  239  191  170  164  154  138  122  109  101
  100  101  101  102  109  129  162  210  260  299  326  352  381  410  439  465
  485  503  525  550  572  587  604  642  693
    10.0-180.0 180.0   5.0 450.0                            LAT/LON1/LON2/DLON/H
  627  654  688  746  820  889  943  984 1012 1022 1006  970  932  898  860  812
  763  720  676  631  604  600  600  592  583  573  563  562  570  572  554  518
  474  439  416  390  356  318  275  226  187  171  169  163  150  135  120  109
  103  102  101  101  109  129  164  214  265  305  336  365  398  432  464  490
  510  524  536  548  557  561  570  595  627
     7.5-180.0 180.0   5.0 450.0                            LAT/LON1/LON2/DLON/H
  570  570  581  632  715  799  870  931  983 1017 1021 1001  977  953  918  866
  816  779  743  701  671  659  652  642  630  613  587  568  558  544  516  476
  436  406  381  349  315  287  258  222  193  182  181  176  164  149  132  116
  107  103   99   99  107  129  167  218  270  312  345  379  418  456  491  520
  542  555  562  564  559  551  549  559  570
     5.0-180.0 180.0   5.0 450.0                            LAT/LON1/LON2/DLON/H
  535  510  498  539  624  715  792  862  926  976  998  996  990  981  953  902
  854  827  800  762  726  705  690  676  664  641  602  565  537  509  473  433
  402  380  357  322  289  268  249  225  204  196  195  189  176  159  139  120
  108  101   96   95  103  128  169  221  274  317  353  391  435  479  517  549
  576  593  602  599  586  567  552  545  535
     2.5-180.0 180.0   5.0 450.0                            LAT/LON1/LON2/DLON/H
  537  492  460  486  564  650  723  790  855  909  937  948  959  967  950  906
  865  848  832  796  754  723  700  686  675  651  605  556  514  474  434  400
  379  367  347  312  277  258  245  229  215  208  203  194  179  160  139  119
  106   98   92   90   99  127  170  223  276  319  357  399  448  496  538  575
  608  632  646  645  629  603  580  562  537
