ionex_esag_emptyfiles/esag2670.12i
     1.0            IONOSPHERE MAPS     GPS                 IONEX VERSION / TYPE
GIM V3.0            JPL - GNISD         26-sep-2012 05:40   PGM / RUN BY / DATE 
JPL'S GLOBAL IONOSPHERE MAPS YEAR 2012 DAY 267              COMMENT             
Global Ionospheric Maps (GIM) are generated on an hourly    DESCRIPTION         
and daily basis at JPL using data from up to 100 GPS sites  DESCRIPTION         
of the IGS and others institutions.                         DESCRIPTION         
The vertical TEC is modeled in a solar-geomagnetic          DESCRIPTION         
reference frame using bi-cubic splines on a spherical grid. DESCRIPTION         
A Kalman filter is used to solve simultaneously for         DESCRIPTION         
instrumental biases and VTEC on the grid (as stochastic     DESCRIPTION         
parameters).                                                DESCRIPTION         
Contact Address:  gpsiono@cobra.jpl.nasa.gov .              DESCRIPTION         
  2012     9    23     0     0     0                        EPOCH OF FIRST MAP  
  2012     9    24     0     0     0                        EPOCH OF LAST MAP   
  7200                                                      INTERVAL            
    13                                                      # OF MAPS IN FILE   
  NONE                                                      MAPPING FUNCTION    
    10.0                                                    ELEVATION CUTOFF    
One-way carrier phase leveled to code                       OBSERVABLES USED    
   170                                                      # OF STATIONS       
    31                                                      # OF SATELLITES     
  6371.0                                                    BASE RADIUS         
     2                                                      MAP DIMENSION       
   450.0 450.0   0.0                                        HGT1 / HGT2 / DHGT  
    87.5 -87.5  -2.5                                        LAT1 / LAT2 / DLAT  
  -180.0 180.0   5.0                                        LON1 / LON2 / DLON  
    -1                                                      EXPONENT            
TEC/RMS values in 0.1 TECU; 9999, if no value available     COMMENT             
                                                            END OF HEADER       
[from data line 3003]
     8                                                      START OF TEC MAP    
  2012     9    23    14     0     0                        EPOCH OF CURRENT MAP
    87.5-180.0 180.0   5.0 450.0                            LAT/LON1/LON2/DLON/H
  156  156  156  157  157  158  159  160  161  161  162  163  165  166  167  168
  169  170  172  173  174  175  177  178  179  180  181  182  183  184  185  185
  186  186  186  186  186  186  186  185  184  184  183  182  181  180  179  177
  176  175  173  172  171  169  168  167  166  164  163  162  161  160  159  158
  158  157  157  156  156  156  156  156  156
    85.0-180.0 180.0   5.0 450.0                            LAT/LON1/LON2/DLON/H
  139  139  140  141  143  144  146  147  149  151  153  155  157  159  161  163
  165  167  169  172  174  176  179  181  183  185  188  190  192  193  195  196
  198  198  199  199  199  198  197  196  194  193  190  188  186  183  181  178
  176  173  171  168  166  163  161  158  156  154  152  150  148  146  144  143
  142  140  139  139  138  138  138  138  139
    82.5-180.0 180.0   5.0 450.0                            LAT/LON1/LON2/DLON/H
  122  123  124  126  129  131  134  137  140  143  146  149  152  155  157  160
  163  166  168  171  174  177  180  183  186  189  193  196  199  202  205  207
  209  210  211  211  211  209  207  205  202  199  195  191  187  184  180  176
  172  169  165  162  158  155  152  149  146  143  140  137  135  132  130  128
  126  124  122  121  121  120  120  121  122
    80.0-180.0 180.0   5.0 450.0                            LAT/LON1/LON2/DLON/H
  106  107  110  113  116  119  123  128  132  137  141  145  150  154  157  161
  164  168  171  174  176  179  183  186  190  194  198  202  206  210  214  217
  220  221  222  222  221  219  216  212  207  203  198  192  187  182  177  172
  168  163  159  156  152  148  145  141  137  134  130  127  124  120  117  114
  112  109  107  106  105  104  104  104  106
    77.5-180.0 180.0   5.0 450.0                            LAT/LON1/LON2/DLON/H
   91   93   96  100  104  108  113  119  125  131  137  143  149  155  160  165
  170  174  177  181  184  187  189  193  196  200  205  209  214  219  223  227
  230  231  232  231  229  226  222  217  211  205  199  193  186  180  175  170
  165  161  157  153  149  145  141  137  133  129  124  120  117  113  109  106
  102   99   96   94   92   90   90   90   91
    75.0-180.0 180.0   5.0 450.0                            LAT/LON1/LON2/DLON/H
   80   82   84   88   92   97  103  110  117  125  133  141  149  157  164  171
  177  183  188  192  195  198  200  203  205  209  213  217  222  227  232  235
  238  240  240  239  236  232  227  221  215  208  201  194  187  181  176  171
  167  162  159  155  151  146  142  137  132  127  122  118  113  109  105  101
   97   94   90   86   83   81   80   79   80
    72.5-180.0 180.0   5.0 450.0                            LAT/LON1/LON2/DLON/H
   72   73   75   78   82   87   93  100  108  117  126  136  146  156  166  176
  185  192  199  204  208  210  213  214  216  218  221  225  229  234  239  243
  246  247  247  245  242  237  232  225  218  211  204  197  191  186  181  176
  172  168  165  160  156  151  145  139  133  128  122  117  113  108  104  100
   96   92   87   83   79   76   73   72   72
    70.0-180.0 180.0   5.0 450.0                            LAT/LON1/LON2/DLON/H
   67   67   68   70   73   78   83   90   98  106  116  127  139  151  164  176
  188  199  208  214  219  222  224  225  225  225  227  230  234  239  244  248
  251  253  253  251  247  243  237  230  223  216  210  204  198  193  189  184
  180  177  172  168  162  156  149  142  135  129  122  117  112  108  104  100
   96   92   87   82   78   74   71   68   67
    67.5-180.0 180.0   5.0 450.0                            LAT/LON1/LON2/DLON/H
   66   65   65   65   67   70   74   80   87   95  105  116  128  142  157  172
  187  200  211  220  226  230  232  232  231  230  229  231  235  240  246  251
  255  257  257  256  253  248  242  236  230  223  217  212  207  202  197  193
  189  184  179  174  167  160  152  143  135  128  121  116  111  107  103  100
   96   92   87   83   78   74   71   68   66
    65.0-180.0 180.0   5.0 450.0                            LAT/LON1/LON2/DLON/H
   68   66   64   63   63   64   67   71   76   83   92  103  116  131  148  165
  181  197  209  220  227  232  234  234  232  229  227  228  232  239  246  253
  258  261  261  260  258  254  249  244  238  232  227  221  216  210  205  200
  195  189  184  177  168  160  150  141  133  125  118  112  107  103   99   96
   94   91   88   84   81   77   74   71   68
    62.5-180.0 180.0   5.0 450.0                            LAT/LON1/LON2/DLON/H
   74   70   67   64   62   61   62   64   68   74   82   92  105  121  138  156
  174  190  204  216  224  229  232  232  230  227  224  224  228  236  245  253
  260  264  265  265  264  261  257  252  247  242  237  231  225  218  211  204
  197  191  184  176  166  157  147  137  129  121  115  109  103   99   95   93
   91   89   88   86   85   83   80   77   74
    60.0-180.0 180.0   5.0 450.0                            LAT/LON1/LON2/DLON/H
   82   77   73   68   65   62   60   61   63   67   75   85   97  113  131  149
  168  184  199  210  219  225  228  228  227  224  221  222  226  235  245  255
  263  268  270  270  269  267  264  260  256  252  248  242  234  225  214  205
  197  190  182  173  163  153  143  134  126  120  114  108  103   98   94   91
   90   89   90   90   91   91   90   87   82
    57.5-180.0 180.0   5.0 450.0                            LAT/LON1/LON2/DLON/H
   93   88   82   76   71   66   63   61   62   65   71   81   94  110  128  147
  165  181  195  206  215  220  224  225  225  223  222  223  229  238  249  259
  267  272  275  276  275  274  271  268  265  263  259  254  244  232  218  206
  196  188  180  171  161  151  142  134  128  123  118  113  107  102   97   94
   93   93   95   97  100  101  101   98   93
    55.0-180.0 180.0   5.0 450.0                            LAT/LON1/LON2/DLON/H
  105   99   93   87   82   76   70   66   65   67   73   82   95  112  130  150
  168  183  195  205  213  218  222  225  226  227  228  231  237  247  257  266
  274  278  281  282  282  281  279  276  274  273  271  266  255  240  223  209
  198  189  181  172  163  153  145  139  135  133  130  126  121  115  109  104
  102  102  104  107  111  113  113  110  105
    52.5-180.0 180.0   5.0 450.0                            LAT/LON1/LON2/DLON/H
  117  111  105  100   94   88   82   76   73   74   78   88  101  118  137  157
  174  188  199  208  214  219  223  228  231  235  239  243  250  259  267  275
  281  286  288  289  289  288  286  283  282  282  281  277  267  250  231  215
  203  194  186  178  169  160  153  150  148  148  147  145  140  134  127  122
  118  117  118  121  124  126  126  123  117
    50.0-180.0 180.0   5.0 450.0                            LAT/LON1/LON2/DLON/H
  127  121  116  112  107  101   95   89   85   85   88   97  110  127  147  167
  184  196  206  213  218  223  228  233  240  246  252  259  266  273  279  285
  289  293  296  297  298  297  294  291  290  290  291  289  278  262  243  226
  213  204  196  187  177  169  163  161  161  162  163  163  160  154  147  141
  137  135  134  136  138  139  137  133  127
    47.5-180.0 180.0   5.0 450.0                            LAT/LON1/LON2/DLON/H
  133  128  124  121  117  112  107  102   98   98  102  110  122  139  159  178
  195  205  213  219  224  229  234  241  249  258  267  275  282  287  291  293
  296  300  304  307  307  306  303  299  297  298  300  299  290  275  257  240
  227  217  208  198  187  178  172  169  170  171  174  175  173  169  163  158
  153  151  149  149  150  149  145  140  133
    45.0-180.0 180.0   5.0 450.0                            LAT/LON1/LON2/DLON/H
  136  131  127  124  122  119  116  113  111  112  116  124  137  153  172  191
  206  214  220  225  231  237  243  250  260  270  280  289  296  300  301  300
  302  307  313  317  318  316  312  307  305  306  309  309  303  291  275  259
  245  233  222  209  195  183  175  171  170  170  171  173  174  172  169  166
  163  161  160  160  158  155  150  143  136
    42.5-180.0 180.0   5.0 450.0                            LAT/LON1/LON2/DLON/H
  136  130  126  124  121  120  119  120  122  126  132  140  152  167  185  203
  216  222  226  231  239  246  253  260  269  281  292  302  308  311  309  307
  308  315  323  329  331  328  323  317  315  317  321  323  320  310  296  280
  265  251  236  219  201  184  172  164  160  158  156  157  159  161  162  162
  162  163  164  164  162  157  151  144  136
    40.0-180.0 180.0   5.0 450.0                            LAT/LON1/LON2/DLON/H
  134  128  124  120  118  117  118  122  129  138  147  156  166  180  198  214
  224  228  230  237  247  256  263  270  279  291  302  312  319  320  317  313
  315  324  335  343  345  343  337  332  331  334  340  343  342  335  322  305
  287  269  251  230  208  187  171  161  153  147  142  140  142  146  149  152
  154  157  160  161  159  154  148  141  134
    37.5-180.0 180.0   5.0 450.0                            LAT/LON1/LON2/DLON/H
  130  125  121  117  113  113  115  123  134  148  161  170  179  192  208  223
  231  232  234  242  254  266  273  279  288  299  311  321  327  328  324  321
  324  336  350  360  364  363  360  357  359  364  371  375  374  368  354  335
  314  292  271  249  225  203  187  175  165  154  144  139  139  141  143  144
  147  151  155  157  154  148  141  135  130
    35.0-180.0 180.0   5.0 450.0                            LAT/LON1/LON2/DLON/H
  127  124  120  116  112  110  113  122  137  156  172  182  189  200  215  229
  235  234  236  246  261  274  283  289  297  308  319  329  334  336  332  330
  336  352  369  383  391  394  396  398  403  410  417  419  417  409  393  372
  347  323  302  282  261  243  231  221  209  194  181  172  166  160  154  149
  147  150  155  156  151  143  135  130  127
    32.5-180.0 180.0   5.0 450.0                            LAT/LON1/LON2/DLON/H
  125  124  122  118  114  112  113  122  139  161  180  190  196  206  220  232
  236  235  237  249  266  281  291  297  305  316  326  335  341  343  342  344
  354  373  395  413  427  439  450  459  468  474  477  474  467  455  438  415
  389  366  348  334  323  317  315  311  299  282  266  252  236  216  194  174
  163  161  165  165  157  145  134  128  125
    30.0-180.0 180.0   5.0 450.0                            LAT/LON1/LON2/DLON/H
  125  125  125  124  121  117  116  122  138  161  181  193  199  208  222  233
  236  234  237  251  270  286  297  305  314  324  334  343  350  355  358  365
  380  403  429  453  476  499  522  539  547  547  541  530  517  504  487  466
  442  423  413  410  414  424  436  439  426  406  388  369  342  303  260  222
  197  189  191  189  176  158  141  130  125
    27.5-180.0 180.0   5.0 450.0                            LAT/LON1/LON2/DLON/H
  128  128  130  131  130  125  120  121  134  155  176  189  197  208  222  233
  235  234  238  253  272  290  303  313  323  333  343  353  363  373  384  397
  417  444  473  503  535  570  603  623  626  616  598  579  563  550  538  522
  505  491  487  495  512  538  563  571  556  531  512  491  453  397  335  278
  239  226  228  226  210  184  157  137  128
    25.0-180.0 180.0   5.0 450.0                            LAT/LON1/LON2/DLON/H
  134  131  134  138  139  133  124  120  128  145  164  179  191  205  222  234
  236  236  241  256  275  293  308  321  333  345  355  367  383  402  423  445
  470  497  526  558  596  639  677  698  692  669  639  612  595  589  585  578
  567  556  555  568  594  630  663  673  653  624  605  584  541  474  397  326
  278  263  268  268  251  219  181  150  134
    22.5-180.0 180.0   5.0 450.0                            LAT/LON1/LON2/DLON/H
  140  133  136  143  145  138  126  118  120  132  149  165  182  201  222  236
  240  240  246  260  279  297  314  330  345  359  372  388  412  443  475  506
  533  556  579  610  649  693  732  747  729  691  652  624  614  618  624  625
  617  605  600  610  635  671  704  711  684  651  634  618  578  509  429  354
  303  291  300  305  289  254  206  164  140
    20.0-180.0 180.0   5.0 450.0                            LAT/LON1/LON2/DLON/H
  145  134  137  145  148  140  126  115  113  119  133  151  173  197  221  239
  246  248  254  267  283  302  320  339  358  376  393  414  448  492  535  571
  596  612  626  650  684  723  754  757  728  684  643  620  620  635  650  656
  646  625  606  602  613  638  663  661  627  592  579  573  545  488  416  348
  303  298  316  327  316  280  226  176  145
    17.5-180.0 180.0   5.0 450.0                            LAT/LON1/LON2/DLON/H
  147  134  136  145  147  139  124  113  108  109  120  139  164  194  221  242
  253  258  264  274  289  307  328  350  373  395  416  443  487  541  592  630
  651  657  659  671  693  720  740  736  702  659  624  611  620  642  660  663
  645  607  567  541  534  544  559  550  513  478  473  480  467  428  373  317
  282  284  308  327  322  291  237  182  147
    15.0-180.0 180.0   5.0 450.0                            LAT/LON1/LON2/DLON/H
  147  132  134  142  144  134  121  111  106  105  112  131  158  190  220  244
  260  268  274  284  297  315  337  362  389  415  440  472  523  584  639  673
  685  680  671  670  679  694  706  697  666  631  607  605  621  641  653  647
  617  562  501  454  429  427  432  420  382  351  354  373  379  360  322  279
  252  260  287  309  310  284  235  182  147
    12.5-180.0 180.0   5.0 450.0                            LAT/LON1/LON2/DLON/H
  145  130  130  137  138  128  116  109  105  103  108  126  155  187  218  245
  265  276  284  293  306  323  347  374  404  433  462  498  552  615  666  691
  694  681  665  655  654  661  666  658  636  615  606  613  627  638  637  620
  577  507  430  369  333  322  324  312  278  251  261  291  311  309  284  249
  227  236  263  284  288  267  225  178  145
    10.0-180.0 180.0   5.0 450.0                            LAT/LON1/LON2/DLON/H
  141  127  125  131  130  121  111  107  105  102  106  124  153  185  215  243
  267  283  294  304  317  334  358  386  417  449  481  519  572  630  674  689
  684  667  650  637  630  632  637  635  627  623  627  636  642  637  621  593
  541  463  379  313  276  267  274  268  239  218  232  267  296  302  281  244
  218  223  245  262  264  247  211  171  141
     7.5-180.0 180.0   5.0 450.0                            LAT/LON1/LON2/DLON/H
  138  124  121  124  122  114  105  103  102  100  105  123  152  182  212  240
  267  288  303  315  329  346  370  398  430  464  497  535  584  635  669  676
  665  649  636  625  620  623  631  637  642  650  660  666  661  642  614  578
  523  445  366  308  281  283  298  299  274  255  269  304  335  343  318  270
  234  230  243  250  246  229  198  164  138
     5.0-180.0 180.0   5.0 450.0                            LAT/LON1/LON2/DLON/H
  136  122  118  118  115  107   99   96   95   95  101  121  150  180  209  239
  268  293  311  327  342  359  383  411  442  476  511  548  592  634  659  659
  647  637  632  629  629  636  646  656  668  682  694  695  681  654  621  585
  533  462  394  350  337  349  372  379  358  337  346  377  405  410  376  315
  266  253  256  253  240  218  189  159  136
     2.5-180.0 180.0   5.0 450.0                            LAT/LON1/LON2/DLON/H
  137  123  117  115  111  103   95   89   87   88   96  117  148  179  209  239
  271  298  320  338  354  373  396  423  455  489  524  561  599  632  648  647
  639  637  642  647  653  661  670  679  693  709  718  713  695  670  644  611
  563  501  446  418  421  444  472  483  463  439  439  460  481  481  439  365
  305  284  278  264  241  214  184  157  137
