ionex_esag_emptyfiles/esag2690.12i
     1.0            IONOSPHERE MAPS     GPS                 IONEX VERSION / TYPE
GIM V3.0            JPL - GNISD         28-sep-2012 00:52   PGM / RUN BY / DATE 
JPL'S GLOBAL IONOSPHERE MAPS YEAR 2012 DAY 269              COMMENT             
Global Ionospheric Maps (GIM) are generated on an hourly    DESCRIPTION         
and daily basis at JPL using data from up to 100 GPS sites  DESCRIPTION         
of the IGS and others institutions.                         DESCRIPTION         
The vertical TEC is modeled in a solar-geomagnetic          DESCRIPTION         
reference frame using bi-cubic splines on a spherical grid. DESCRIPTION         
A Kalman filter is used to solve simultaneously for         DESCRIPTION         
instrumental biases and VTEC on the grid (as stochastic     DESCRIPTION         
parameters).                                                DESCRIPTION         
Contact Address:  gpsiono@cobra.jpl.nasa.gov .              DESCRIPTION         
  2012     9    25     0     0     0                        EPOCH OF FIRST MAP  
  2012     9    26     0     0     0                        EPOCH OF LAST MAP   
  7200                                                      INTERVAL            
    13                                                      # OF MAPS IN FILE   
  NONE                                                      MAPPING FUNCTION    
    10.0                                                    ELEVATION CUTOFF    
One-way carrier phase leveled to code                       OBSERVABLES USED    
   170                                                      # OF STATIONS       
    31                                                      # OF SATELLITES     
  6371.0                                                    BASE RADIUS         
     2                                                      MAP DIMENSION       
   450.0 450.0   0.0                                        HGT1 / HGT2 / DHGT  
    87.5 -87.5  -2.5                                        LAT1 / LAT2 / DLAT  
  -180.0 180.0   5.0                                        LON1 / LON2 / DLON  
    -1                                                      EXPONENT            
TEC/RMS values in 0.1 TECU; 9999, if no value available     COMMENT             
                                                            END OF HEADER       
[from data line 429]
     2                                                      START OF TEC MAP    
  2012     9    25     2     0     0                        EPOCH OF CURRENT MAP
    87.5-180.0 180.0   5.0 450.0                            LAT/LON1/LON2/DLON/H
  247  248  248  248  248  248  248  248  248  247  247  246  246  245  244  243
  242  241  240  239  237  236  234  233  231  230  228  226  225  223  221  220
  218  217  215  214  213  212  211  210  210  210  209  209  210  210  211  211
  212  213  215  216  218  219  221  223  225  227  228  230  232  234  236  238
  239  241  242  243  244  245  246  247  247
    85.0-180.0 180.0   5.0 450.0                            LAT/LON1/LON2/DLON/H
  260  260  260  260  260  259  259  258  257  256  255  254  253  252  251  250
  249  247  245  244  242  239  237  234  232  229  226  222  219  216  213  209
  206  203  200  197  195  193  191  189  188  187  187  187  187  188  189  190
  192  195  197  200  204  207  211  215  219  223  227  231  235  239  242  245
  248  251  253  255  257  258  259  260  260
    82.5-180.0 180.0   5.0 450.0                            LAT/LON1/LON2/DLON/H
  269  269  268  267  266  264  263  261  260  258  257  255  254  252  251  250
  248  247  245  244  242  239  237  234  230  226  222  218  213  208  204  199
  194  189  185  181  177  174  171  169  167  166  166  165  166  167  169  171
  174  177  181  186  191  197  203  209  215  221  227  233  239  244  249  253
  257  261  263  266  267  268  269  269  269
    80.0-180.0 180.0   5.0 450.0                            LAT/LON1/LON2/DLON/H
  275  274  272  270  268  266  263  260  257  255  252  250  247  245  243  242
  241  239  238  237  236  234  232  229  225  221  216  211  205  199  193  187
  181  175  169  164  160  156  153  150  148  147  146  146  147  148  151  154
  158  163  168  175  182  189  197  205  213  221  229  236  243  250  256  261
  265  269  272  274  275  276  276  276  275
    77.5-180.0 180.0   5.0 450.0                            LAT/LON1/LON2/DLON/H
  278  276  274  271  268  265  261  257  253  249  244  240  237  233  230  228
  226  224  223  223  222  221  220  218  215  212  207  201  195  188  181  174
  167  160  154  148  144  139  136  133  131  129  129  129  130  132  135  140
  145  152  159  167  176  185  195  205  214  223  232  241  248  255  262  267
  271  275  277  279  280  280  280  279  278
    75.0-180.0 180.0   5.0 450.0                            LAT/LON1/LON2/DLON/H
  279  277  275  272  268  264  259  254  248  243  237  231  226  220  215  211
  207  205  203  202  202  202  202  202  200  197  193  188  182  175  167  160
  152  145  139  133  128  124  121  118  115  114  113  114  115  118  123  129
  136  144  154  165  175  186  197  208  218  228  237  246  253  260  266  271
  275  277  279  281  281  281  281  280  279
    72.5-180.0 180.0   5.0 450.0                            LAT/LON1/LON2/DLON/H
  279  278  276  273  269  264  259  253  247  240  233  226  218  209  201  194
  188  184  181  179  179  180  182  182  182  180  176  172  166  159  152  145
  137  131  125  119  115  111  107  104  102  101  100  101  103  107  112  120
  129  140  152  165  178  191  203  214  225  234  243  251  258  264  269  273
  275  277  279  279  280  280  280  280  279
    70.0-180.0 180.0   5.0 450.0                            LAT/LON1/LON2/DLON/H
  280  280  279  276  272  268  262  256  249  242  233  224  214  204  193  183
  174  166  161  159  158  160  162  163  163  161  159  154  149  143  136  129
  123  117  111  107  103   99   96   93   91   90   90   91   93   97  104  113
  124  138  153  168  183  198  211  222  233  242  249  256  261  266  270  273
  275  276  277  277  277  278  278  279  280
    67.5-180.0 180.0   5.0 450.0                            LAT/LON1/LON2/DLON/H
  282  283  283  281  278  273  268  261  254  246  237  227  216  204  191  178
  167  156  149  144  143  144  145  146  146  145  142  138  133  127  121  115
  109  104  100   96   93   90   88   86   84   82   82   83   86   90   98  108
  121  137  155  172  190  205  219  231  241  249  255  260  264  267  270  272
  273  274  274  275  275  276  278  280  282
    65.0-180.0 180.0   5.0 450.0                            LAT/LON1/LON2/DLON/H
  286  289  290  289  286  281  275  268  260  251  242  232  220  208  194  180
  166  154  144  138  136  136  136  136  135  132  128  124  118  113  107  103
   98   94   91   89   87   85   83   81   80   79   78   79   82   87   95  106
  121  138  158  178  197  214  228  240  249  256  260  264  266  267  269  270
  272  273  274  275  276  278  280  283  286
    62.5-180.0 180.0   5.0 450.0                            LAT/LON1/LON2/DLON/H
  294  297  299  298  295  290  284  275  266  256  247  237  226  214  201  186
  170  157  146  139  135  134  133  131  128  124  119  113  108  102   98   94
   91   88   87   85   84   83   82   81   80   79   79   80   83   88   96  107
  123  141  162  183  203  221  236  248  256  262  265  267  267  268  268  270
  271  273  276  279  281  284  287  290  294
    60.0-180.0 180.0   5.0 450.0                            LAT/LON1/LON2/DLON/H
  303  307  309  309  306  300  292  282  271  260  250  241  232  221  208  193
  177  163  151  143  139  137  135  131  126  120  113  107  101   97   93   91
   89   88   87   86   85   85   85   84   84   84   84   85   88   93  101  112
  127  146  167  189  210  228  243  255  263  268  270  270  269  269  269  270
  272  276  281  286  290  293  297  300  303
    57.5-180.0 180.0   5.0 450.0                            LAT/LON1/LON2/DLON/H
  315  318  320  320  316  310  300  288  275  263  253  245  237  227  215  200
  184  169  157  149  144  141  138  133  126  119  111  105  100   96   95   94
   93   92   91   90   90   90   90   91   92   93   94   96   98  103  110  120
  134  153  174  196  217  235  250  261  270  275  276  275  273  271  270  271
  274  280  287  294  300  305  308  311  315
    55.0-180.0 180.0   5.0 450.0                            LAT/LON1/LON2/DLON/H
  327  330  332  331  327  319  308  294  280  266  256  249  241  232  220  205
  189  175  163  154  149  146  142  136  128  121  113  107  103  101  100  100
  100   98   97   96   96   96   98  100  103  106  108  109  111  114  120  129
  143  161  182  203  223  240  255  266  276  282  284  282  279  275  273  274
  278  285  294  303  312  318  321  324  327
    52.5-180.0 180.0   5.0 450.0                            LAT/LON1/LON2/DLON/H
  340  342  343  343  338  329  317  301  285  271  261  253  246  237  224  209
  194  179  167  159  153  149  145  139  132  125  118  112  109  107  107  107
  106  104  103  103  103  104  106  110  115  119  122  124  124  125  130  139
  153  170  190  210  229  245  259  271  281  289  292  291  286  282  279  278
  282  289  300  312  322  330  334  337  340
    50.0-180.0 180.0   5.0 450.0                            LAT/LON1/LON2/DLON/H
  353  354  356  355  350  340  326  310  293  278  267  259  251  240  227  212
  197  183  171  162  156  152  148  143  137  130  124  119  115  114  113  112
  110  107  107  108  110  112  115  119  125  131  135  136  135  135  138  148
  162  180  199  218  236  250  263  275  286  296  301  300  295  289  285  283
  286  294  305  319  331  341  347  351  353
    47.5-180.0 180.0   5.0 450.0                            LAT/LON1/LON2/DLON/H
  366  367  368  367  362  352  338  321  303  287  275  266  256  244  229  214
  199  186  175  167  161  156  153  148  143  137  131  125  121  118  115  111
  108  106  107  111  116  119  123  127  134  140  145  145  143  141  144  155
  171  190  209  227  243  256  268  279  292  302  308  307  302  296  291  289
  292  299  311  325  340  352  360  364  366
    45.0-180.0 180.0   5.0 450.0                            LAT/LON1/LON2/DLON/H
  379  380  381  380  376  366  351  334  315  299  285  274  262  247  231  215
  202  190  180  172  167  162  159  155  150  145  138  131  124  118  113  108
  103  103  107  114  122  126  130  133  138  144  150  151  148  145  149  161
  180  200  219  236  251  263  274  285  297  307  314  313  308  301  296  295
  298  306  318  333  349  363  373  378  379
    42.5-180.0 180.0   5.0 450.0                            LAT/LON1/LON2/DLON/H
  391  391  393  394  391  382  367  349  329  312  298  284  269  251  233  217
  205  195  186  180  175  171  167  164  160  154  146  136  127  119  111  105
  102  102  109  119  128  133  135  136  140  146  152  154  152  149  153  167
  189  211  230  247  261  273  283  292  303  312  317  315  310  304  300  300
  305  314  327  343  359  374  385  390  391
    40.0-180.0 180.0   5.0 450.0                            LAT/LON1/LON2/DLON/H
  401  402  404  407  405  398  384  366  346  327  312  297  279  257  236  219
  206  198  192  188  184  180  177  174  171  164  155  144  133  123  115  110
  108  110  118  128  136  141  141  140  141  146  154  158  157  154  158  174
  198  222  242  258  272  284  293  301  309  315  318  316  311  306  305  308
  315  326  340  355  371  385  395  400  401
    37.5-180.0 180.0   5.0 450.0                            LAT/LON1/LON2/DLON/H
  410  410  414  418  418  412  400  383  363  345  329  313  292  267  241  220
  207  199  196  194  191  189  187  185  183  177  168  157  146  137  130  126
  127  131  138  144  149  151  149  145  144  149  158  165  164  161  165  182
  208  233  252  267  281  293  303  310  316  319  320  317  313  310  312  318
  328  341  356  371  385  396  405  409  410
    35.0-180.0 180.0   5.0 450.0                            LAT/LON1/LON2/DLON/H
  417  417  420  425  428  425  416  401  382  364  349  332  309  279  248  222
  204  197  196  196  196  195  195  195  195  193  187  178  169  162  158  159
  163  167  169  168  168  166  161  155  153  157  168  176  176  170  172  190
  216  241  259  273  287  301  312  319  323  324  323  320  317  318  323  332
  346  361  377  391  401  409  415  417  417
    32.5-180.0 180.0   5.0 450.0                            LAT/LON1/LON2/DLON/H
  425  424  425  430  433  433  429  417  401  384  369  352  327  294  257  223
  200  190  190  194  196  198  200  204  208  211  211  207  203  200  201  205
  211  214  210  201  194  187  179  171  167  171  182  190  188  179  179  195
  221  245  261  274  288  304  317  326  330  331  328  326  326  330  339  353
  369  387  403  416  422  426  427  427  425
    30.0-180.0 180.0   5.0 450.0                            LAT/LON1/LON2/DLON/H
  437  433  432  434  437  440  439  432  419  404  390  373  346  310  268  226
  195  183  184  189  193  197  203  212  223  233  240  244  246  247  251  259
  267  268  258  242  227  215  204  193  186  187  195  203  198  187  182  196
  220  243  258  270  283  301  319  332  338  339  338  337  340  349  363  380
  399  418  435  446  449  448  445  441  437
    27.5-180.0 180.0   5.0 450.0                            LAT/LON1/LON2/DLON/H
  456  450  445  443  445  448  451  447  437  423  410  392  365  327  281  233
  196  181  182  189  194  202  212  226  242  260  275  287  294  298  305  316
  326  325  310  288  266  249  232  215  203  200  205  209  203  189  181  192
  213  235  250  261  275  296  320  338  347  351  351  353  360  375  393  413
  433  454  471  481  482  477  470  463  456
    25.0-180.0 180.0   5.0 450.0                            LAT/LON1/LON2/DLON/H
  483  475  467  462  460  462  466  466  456  443  428  410  382  344  297  246
  207  191  192  199  207  217  232  250  271  294  316  334  344  349  357  371
  382  380  360  333  305  280  255  232  214  205  205  206  198  183  175  183
  202  223  240  251  267  292  321  345  359  366  370  375  387  407  429  451
  471  492  509  519  520  513  503  492  483
    22.5-180.0 180.0   5.0 450.0                            LAT/LON1/LON2/DLON/H
  519  511  502  493  487  487  490  489  479  465  449  428  400  363  318  271
  233  218  220  228  237  250  270  291  313  336  362  384  394  397  404  419
  431  425  402  369  335  302  269  238  213  197  192  190  184  172  165  171
  189  211  230  244  261  290  325  355  375  386  393  403  421  445  470  492
  512  531  549  559  559  552  540  528  519
    20.0-180.0 180.0   5.0 450.0                            LAT/LON1/LON2/DLON/H
  558  552  544  535  527  523  523  518  507  491  474  452  424  390  349  308
  276  265  269  278  289  306  330  352  370  389  413  435  441  437  441  456
  466  457  428  390  349  307  265  227  196  177  169  168  164  157  153  159
  177  201  224  242  262  295  335  370  395  410  423  437  460  489  516  535
  552  570  586  597  598  592  579  566  558
    17.5-180.0 180.0   5.0 450.0                            LAT/LON1/LON2/DLON/H
  597  594  590  583  575  569  564  555  540  524  506  485  458  427  392  359
  335  328  334  344  356  377  405  427  437  445  464  482  481  469  466  478
  485  468  432  386  339  290  243  202  170  151  144  143  143  140  140  148
  168  196  224  246  269  305  349  389  417  437  454  475  503  536  562  578
  590  605  620  631  635  629  617  604  597
    15.0-180.0 180.0   5.0 450.0                            LAT/LON1/LON2/DLON/H
  632  631  632  630  624  616  607  595  578  563  548  530  508  480  450  424
  406  401  407  416  430  454  486  507  506  501  509  520  511  489  478  483
  482  455  408  356  306  257  211  171  142  126  121  122  125  126  129  140
  162  194  227  254  280  318  365  407  439  463  485  511  544  579  605  616
  624  635  649  660  666  663  652  640  632
    12.5-180.0 180.0   5.0 450.0                            LAT/LON1/LON2/DLON/H
  660  660  666  671  667  658  647  633  617  605  597  587  572  550  525  503
  487  481  483  489  501  527  561  580  569  548  543  544  526  494  473  468
  456  418  363  309  261  216  176  143  120  109  108  110  113  115  120  133
  158  195  232  262  291  331  379  424  458  486  512  543  579  615  640  648
  651  659  671  682  689  689  681  669  660
    10.0-180.0 180.0   5.0 450.0                            LAT/LON1/LON2/DLON/H
  677  677  689  699  699  690  679  665  652  646  645  645  640  627  608  588
  572  561  554  552  560  584  620  638  617  581  561  550  524  484  454  438
  415  367  308  255  215  179  148  125  112  106  107  108  109  109  115  129
  157  195  235  268  299  340  390  437  472  502  532  566  604  640  663  669
  670  675  684  695  703  706  700  688  677
     7.5-180.0 180.0   5.0 450.0                            LAT/LON1/LON2/DLON/H
  683  683  699  716  717  707  697  688  680  678  684  694  700  696  683  665
  647  628  610  598  598  619  655  673  646  596  561  540  507  463  425  400
  367  314  255  208  178  156  137  124  118  116  115  114  110  108  112  127
  156  194  234  268  302  344  396  443  480  511  544  579  617  651  672  678
  678  681  688  697  705  710  707  696  683
     5.0-180.0 180.0   5.0 450.0                            LAT/LON1/LON2/DLON/H
  676  676  698  720  721  711  704  701  698  698  706  723  737  740  732  717
  696  671  642  619  612  628  663  682  651  593  546  515  478  433  392  360
  321  268  214  178  160  150  141  135  133  132  129  123  115  110  112  127
  155  192  230  264  299  344  396  444  481  513  547  583  619  650  669  675
  675  677  681  686  693  699  699  689  676
     2.5-180.0 180.0   5.0 450.0                            LAT/LON1/LON2/DLON/H
  655  659  685  711  715  705  703  706  706  704  708  722  737  743  739  726
  706  676  638  607  595  607  641  661  632  570  517  480  442  399  360  325
  285  237  193  167  160  158  155  152  151  148  143  133  123  114  115  129
  156  189  223  257  293  339  391  439  476  507  542  577  611  638  655  662
  663  663  663  665  669  675  676  668  655
