ionex_esag_emptyfiles/esag2680.12i
     1.0            IONOSPHERE MAPS     GPS                 IONEX VERSION / TYPE
GIM V3.0            JPL - GNISD         27-sep-2012 00:43   PGM / RUN BY / DATE 
JPL'S GLOBAL IONOSPHERE MAPS YEAR 2012 DAY 268              COMMENT             
Global Ionospheric Maps (GIM) are generated on an hourly    DESCRIPTION         
and daily basis at JPL using data from up to 100 GPS sites  DESCRIPTION         
of the IGS and others institutions.                         DESCRIPTION         
The vertical TEC is modeled in a solar-geomagnetic          DESCRIPTION         
reference frame using bi-cubic splines on a spherical grid. DESCRIPTION         
A Kalman filter is used to solve simultaneously for         DESCRIPTION         
instrumental biases and VTEC on the grid (as stochastic     DESCRIPTION         
parameters).                                                DESCRIPTION         
Contact Address:  gpsiono@cobra.jpl.nasa.gov .              DESCRIPTION         
  2012     9    24     0     0     0                        EPOCH OF FIRST MAP  
  2012     9    25     0     0     0                        EPOCH OF LAST MAP   
  7200                                                      INTERVAL            
    13                                                      # OF MAPS IN FILE   
  NONE                                                      MAPPING FUNCTION    
    10.0                                                    ELEVATION CUTOFF    
One-way carrier phase leveled to code                       OBSERVABLES USED    
   170                                                      # OF STATIONS       
    31                                                      # OF SATELLITES     
  6371.0                                                    BASE RADIUS         
     2                                                      MAP DIMENSION       
   450.0 450.0   0.0                                        HGT1 / HGT2 / DHGT  
    87.5 -87.5  -2.5                                        LAT1 / LAT2 / DLAT  
  -180.0 180.0   5.0                                        LON1 / LON2 / DLON  
    -1                                                      EXPONENT            
TEC/RMS values in 0.1 TECU; 9999, if no value available     COMMENT             
                                                            END OF HEADER       
[from data line 429]
     2                                                      START OF TEC MAP    
  2012     9    24     2     0     0                        EPOCH OF CURRENT MAP
    87.5-180.0 180.0   5.0 450.0                            LAT/LON1/LON2/DLON/H
  196  196  196  195  195  195  194  194  193  192  191  190  189  188  187  185
  184  182  181  179  178  176  174  173  171  170  168  167  165  164  163  162
  161  160  160  160  159  160  160  160  161  162  163  164  165  167  168  170
  172  173  175  177  178  180  182  183  185  186  187  188  189  190  191  192
  193  194  194  195  195  195  195  196  196
    85.0-180.0 180.0   5.0 450.0                            LAT/LON1/LON2/DLON/H
  211  212  212  212  211  211  211  210  209  208  207  205  204  202  199  197
  194  191  188  185  182  179  175  172  168  165  162  158  155  152  150  147
  145  143  142  141  140  141  141  142  144  146  149  152  155  158  162  166
  169  173  177  181  184  187  190  193  195  198  200  202  203  205  206  207
  208  209  209  210  210  211  211  211  211
    82.5-180.0 180.0   5.0 450.0                            LAT/LON1/LON2/DLON/H
  224  224  225  225  225  225  225  225  224  223  222  220  218  216  213  209
  205  201  197  192  188  183  178  173  168  163  158  153  148  143  139  135
  131  128  126  124  123  123  123  125  127  131  135  139  145  150  156  163
  169  175  181  187  192  197  201  204  208  211  213  215  217  218  219  220
  221  221  222  222  222  223  223  224  224
    80.0-180.0 180.0   5.0 450.0                            LAT/LON1/LON2/DLON/H
  232  233  233  234  235  235  236  236  236  235  234  232  230  227  223  219
  214  209  203  198  192  186  180  173  167  161  155  149  143  138  132  126
  121  117  113  110  109  108  108  110  113  117  122  128  135  142  151  159
  168  176  184  192  199  205  210  214  218  221  223  225  227  228  229  229
  230  230  230  231  231  231  231  232  232
    77.5-180.0 180.0   5.0 450.0                            LAT/LON1/LON2/DLON/H
  236  237  238  239  240  241  242  243  243  243  242  240  237  233  229  223
  218  211  205  198  191  184  178  172  166  159  153  147  140  133  127  120
  114  109  104  100   97   96   96   97  100  104  110  116  125  134  144  154
  164  175  185  194  202  209  214  219  223  226  228  230  232  233  233  234
  234  235  235  235  235  235  235  236  236
    75.0-180.0 180.0   5.0 450.0                            LAT/LON1/LON2/DLON/H
  238  239  240  242  243  244  245  246  246  245  244  242  239  235  230  223
  216  209  201  193  186  179  172  166  161  155  149  143  136  129  122  115
  108  102   96   92   89   87   86   87   89   93   99  105  114  123  134  145
  157  169  180  190  199  207  213  218  222  226  228  230  232  233  234  234
  235  235  235  235  236  236  236  237  238
    72.5-180.0 180.0   5.0 450.0                            LAT/LON1/LON2/DLON/H
  238  239  241  242  243  244  245  245  245  244  242  240  237  232  227  220
  212  204  195  186  178  171  165  159  154  148  143  137  131  124  117  110
  103   96   90   85   81   79   78   78   80   84   88   95  102  112  122  134
  146  159  171  183  193  202  209  214  219  222  225  227  229  230  231  232
  232  233  233  234  234  235  236  237  238
    70.0-180.0 180.0   5.0 450.0                            LAT/LON1/LON2/DLON/H
  238  240  242  243  244  244  243  243  241  240  238  235  232  228  222  215
  207  197  186  177  169  162  156  151  146  141  136  131  125  119  112  105
   97   91   85   79   75   73   71   71   73   75   79   84   91  100  110  122
  135  148  162  175  186  196  204  210  214  218  221  223  225  226  227  228
  229  230  230  231  232  233  234  236  238
    67.5-180.0 180.0   5.0 450.0                            LAT/LON1/LON2/DLON/H
  239  242  244  245  245  244  243  241  238  235  232  230  227  223  217  210
  201  189  178  168  160  154  149  144  139  134  130  125  119  113  106  100
   93   86   80   76   72   69   68   67   67   69   72   76   82   90  100  111
  124  139  153  167  180  191  200  207  212  216  219  221  223  224  225  226
  226  227  228  229  230  232  234  237  239
    65.0-180.0 180.0   5.0 450.0                            LAT/LON1/LON2/DLON/H
  243  245  248  249  248  247  244  240  236  231  228  225  222  218  213  205
  195  183  171  161  154  148  143  139  134  129  124  119  114  108  102   96
   89   83   78   74   71   68   67   66   65   66   68   71   76   83   92  103
  117  132  148  163  177  189  199  207  213  217  220  222  223  224  225  225
  225  226  227  228  230  233  236  239  243
    62.5-180.0 180.0   5.0 450.0                            LAT/LON1/LON2/DLON/H
  248  251  253  254  253  251  247  241  235  229  224  221  218  215  209  201
  190  178  166  157  150  145  141  136  131  125  120  115  110  105   99   94
   88   83   78   75   72   70   69   68   67   67   68   70   74   80   89  100
  114  129  146  163  178  191  202  210  217  221  224  226  226  227  227  226
  227  227  228  230  233  236  240  244  248
    60.0-180.0 180.0   5.0 450.0                            LAT/LON1/LON2/DLON/H
  255  258  260  261  260  257  251  244  235  228  222  218  216  212  206  197
  185  173  162  154  149  144  140  135  129  124  118  113  108  104   99   95
   90   86   82   79   77   75   74   73   73   72   72   74   77   82   90  101
  115  130  148  165  181  195  206  215  222  227  230  231  231  231  230  230
  230  231  232  235  238  242  247  251  255
    57.5-180.0 180.0   5.0 450.0                            LAT/LON1/LON2/DLON/H
  265  268  269  269  267  264  257  248  238  229  222  217  214  210  203  193
  182  170  160  153  149  145  141  136  130  124  118  113  109  105  102   98
   94   91   87   85   83   82   82   82   82   82   82   83   85   89   96  106
  119  134  151  168  185  199  211  221  228  233  236  237  237  237  236  235
  235  236  239  242  246  251  256  261  265
    55.0-180.0 180.0   5.0 450.0                            LAT/LON1/LON2/DLON/H
  278  280  280  279  276  272  265  254  243  232  224  218  214  209  201  190
  179  168  160  154  150  146  142  137  131  125  119  115  111  109  106  104
  101   97   94   92   91   91   91   92   93   94   95   94   95   97  103  112
  125  140  157  173  189  203  215  225  233  239  242  243  243  243  242  242
  242  244  247  251  256  263  269  274  278
    52.5-180.0 180.0   5.0 450.0                            LAT/LON1/LON2/DLON/H
  294  295  294  292  288  283  274  263  250  238  228  221  215  208  199  188
  177  168  160  156  152  149  145  139  134  128  123  118  115  113  111  109
  107  104  102  100  100  100  101  104  106  108  108  107  106  106  111  120
  132  147  163  178  193  206  219  229  237  243  247  249  250  249  249  250
  251  254  258  263  269  277  284  290  294
    50.0-180.0 180.0   5.0 450.0                            LAT/LON1/LON2/DLON/H
  314  315  312  309  304  297  287  275  261  247  235  225  217  209  198  187
  176  168  162  158  155  152  148  143  137  131  127  123  120  117  115  114
  111  109  108  108  109  110  112  114  118  121  121  119  116  114  117  126
  139  154  169  183  196  209  221  232  241  248  252  254  255  256  257  259
  261  265  270  276  284  294  303  311  314
    47.5-180.0 180.0   5.0 450.0                            LAT/LON1/LON2/DLON/H
  340  340  337  332  325  315  303  289  274  259  245  232  221  210  198  186
  176  168  164  162  159  156  152  147  142  136  131  127  123  120  117  115
  113  112  113  114  117  119  121  124  127  131  131  128  123  119  122  132
  146  162  175  188  200  212  224  235  244  252  257  259  260  262  264  267
  272  277  283  291  301  314  325  335  340
    45.0-180.0 180.0   5.0 450.0                            LAT/LON1/LON2/DLON/H
  369  371  368  361  352  338  323  307  291  274  257  241  227  213  199  186
  176  169  166  165  164  162  158  154  148  142  137  131  126  121  117  114
  113  113  116  120  124  127  129  131  134  137  137  134  128  123  125  136
  152  169  182  194  204  215  227  238  249  256  261  263  265  267  270  275
  282  289  297  307  319  334  349  361  369
    42.5-180.0 180.0   5.0 450.0                            LAT/LON1/LON2/DLON/H
  399  404  402  395  383  366  347  328  310  292  272  252  234  218  202  188
  177  170  169  169  170  169  166  162  156  149  143  136  129  122  116  112
  112  114  119  125  130  133  134  135  137  140  141  138  131  126  128  140
  158  176  189  200  209  220  231  243  254  261  266  267  268  270  275  282
  290  300  310  322  338  355  373  389  399
    40.0-180.0 180.0   5.0 450.0                            LAT/LON1/LON2/DLON/H
  430  437  437  430  416  394  371  351  332  313  290  267  245  225  207  190
  178  171  170  173  175  176  174  171  165  158  150  142  132  123  116  112
  112  115  122  130  136  138  138  138  139  141  143  141  135  129  131  144
  164  183  196  206  215  225  237  249  260  268  271  272  273  275  280  288
  299  311  324  338  355  375  396  416  430
    37.5-180.0 180.0   5.0 450.0                            LAT/LON1/LON2/DLON/H
  458  468  470  463  447  422  395  373  355  336  311  284  258  235  213  193
  178  170  171  175  180  182  182  179  174  167  159  149  139  128  119  115
  115  120  127  136  142  143  143  141  141  144  146  145  139  133  135  149
  169  188  202  211  220  230  243  256  268  275  278  279  280  282  288  298
  311  325  340  356  374  395  418  440  458
    35.0-180.0 180.0   5.0 450.0                            LAT/LON1/LON2/DLON/H
  484  495  497  490  472  445  416  393  377  359  333  304  275  248  222  197
  178  169  170  175  181  185  187  186  183  177  170  160  149  137  127  123
  123  128  136  144  150  150  148  146  146  148  151  151  145  138  139  152
  173  192  205  215  224  235  249  264  276  284  288  290  291  294  301  313
  329  345  362  380  397  417  441  465  484
    32.5-180.0 180.0   5.0 450.0                            LAT/LON1/LON2/DLON/H
  514  522  522  512  492  463  431  409  394  379  354  324  293  263  232  202
  177  166  166  173  179  185  189  190  190  188  183  174  163  151  141  137
  138  143  151  158  162  160  156  153  153  156  159  158  151  143  142  155
  175  193  206  215  226  239  256  273  286  294  300  305  308  313  322  337
  355  374  393  411  429  448  471  496  514
    30.0-180.0 180.0   5.0 450.0                            LAT/LON1/LON2/DLON/H
  553  557  551  536  512  478  442  418  405  394  373  344  312  279  244  207
  178  163  163  169  175  182  188  193  198  201  199  193  182  170  161  159
  161  166  172  177  179  175  167  162  161  164  166  164  155  145  144  155
  174  191  203  213  225  242  262  282  296  306  316  324  332  340  352  370
  392  414  435  454  472  490  514  537  553
    27.5-180.0 180.0   5.0 450.0                            LAT/LON1/LON2/DLON/H
  609  606  592  570  539  498  456  425  412  404  387  362  331  296  256  214
  181  165  163  167  173  181  190  200  209  217  220  215  206  195  188  188
  193  197  201  204  202  193  180  171  168  170  170  166  156  145  142  152
  170  185  197  208  222  244  269  292  308  321  334  348  361  373  389  410
  435  461  486  508  527  548  573  597  609
    25.0-180.0 180.0   5.0 450.0                            LAT/LON1/LON2/DLON/H
  684  676  653  621  582  533  482  443  425  416  402  379  349  312  269  225
  190  172  169  173  178  186  199  214  228  240  246  243  234  224  221  227
  235  238  237  234  227  211  191  176  171  170  168  162  150  139  136  147
  163  178  190  202  220  246  277  304  322  338  356  376  394  411  430  454
  482  511  539  564  588  614  646  673  684
    22.5-180.0 180.0   5.0 450.0                            LAT/LON1/LON2/DLON/H
  769  761  735  697  650  593  531  482  456  441  425  401  370  330  285  241
  206  189  186  188  193  204  222  241  259  272  279  276  266  257  258  271
  283  282  273  262  247  224  197  176  166  162  158  150  140  130  129  139
  155  170  184  198  219  249  285  317  339  359  381  406  430  452  474  498
  526  557  588  616  643  676  716  752  769
    20.0-180.0 180.0   5.0 450.0                            LAT/LON1/LON2/DLON/H
  845  846  824  788  741  682  615  555  516  489  464  436  401  356  308  266
  234  219  216  217  222  237  261  285  303  315  319  313  301  292  296  315
  328  321  302  281  257  226  192  166  153  147  142  135  126  118  119  130
  147  164  180  198  221  255  296  332  358  382  409  439  468  495  517  539
  564  594  626  654  683  721  771  817  845
    17.5-180.0 180.0   5.0 450.0                            LAT/LON1/LON2/DLON/H
  894  910  900  873  836  788  727  665  613  569  528  490  447  396  345  304
  277  264  260  260  266  284  314  341  358  365  364  353  337  325  329  350
  363  348  317  284  251  214  177  149  135  129  125  119  111  106  110  122
  140  160  180  201  226  263  307  347  379  407  438  471  505  536  559  575
  593  620  649  673  697  735  792  852  894
    15.0-180.0 180.0   5.0 450.0                            LAT/LON1/LON2/DLON/H
  898  935  943  932  914  887  844  790  736  678  620  569  516  456  400  360
  338  327  320  316  322  344  377  405  417  417  409  393  371  353  354  371
  378  354  311  269  230  191  156  130  118  112  109  105  100   97  101  115
  135  158  183  206  234  272  318  363  398  431  464  500  539  574  596  605
  616  638  661  673  685  715  770  838  898
    12.5-180.0 180.0   5.0 450.0                            LAT/LON1/LON2/DLON/H
  853  906  932  942  952  956  940  904  854  790  723  664  605  539  476  437
  421  411  396  385  390  413  446  469  474  467  451  428  399  373  365  374
  371  338  287  240  200  164  134  114  105  102  101   98   93   90   95  109
  131  158  186  212  241  280  329  376  416  451  486  524  566  605  627  631
  635  651  666  664  658  672  716  783  853
    10.0-180.0 180.0   5.0 450.0                            LAT/LON1/LON2/DLON/H
  779  837  870  894  930  969  987  977  941  881  813  754  695  628  564  530
  523  514  488  465  467  490  515  528  524  509  486  456  419  384  364  360
  347  307  253  205  169  139  118  106  102  102  101   98   91   87   90  105
  128  157  189  217  246  287  337  387  428  465  501  539  585  627  651  652
  651  662  669  653  628  623  651  708  779
     7.5-180.0 180.0   5.0 450.0                            LAT/LON1/LON2/DLON/H
  701  755  782  808  857  919  965  981  969  926  869  818  766  702  642  618
  624  618  582  547  545  565  578  576  560  539  511  475  431  386  354  337
  314  270  217  174  144  124  113  109  110  111  109  102   94   87   88  102
  125  156  188  218  249  291  343  394  436  473  508  547  594  640  665  668
  667  676  676  649  610  586  596  638  701
     5.0-180.0 180.0   5.0 450.0                            LAT/LON1/LON2/DLON/H
  644  684  697  714  764  834  890  918  923  903  868  834  796  741  690  678
  699  699  655  613  609  623  624  605  579  552  521  481  432  380  337  309
  279  235  188  153  132  122  119  121  124  125  120  111   99   89   89  101
  124  154  185  215  248  291  345  396  438  474  508  546  594  642  670  677
  679  688  687  657  612  579  573  597  644
     2.5-180.0 180.0   5.0 450.0                            LAT/LON1/LON2/DLON/H
  633  651  643  642  681  744  794  821  832  827  810  791  765  723  686  689
  724  732  689  644  640  651  640  608  574  546  513  472  421  366  317  282
  249  210  171  144  132  128  131  136  140  139  132  120  106   94   91  101
  123  151  180  210  244  289  342  394  435  469  502  539  586  634  665  676
  683  694  695  669  629  598  588  603  633
