ionex_esag_emptyfiles/esag2710.12i
     1.0            IONOSPHERE MAPS     GPS                 IONEX VERSION / TYPE
GIM V3.0            JPL - GNISD         30-sep-2012 05:29   PGM / RUN BY / DATE 
JPL'S GLOBAL IONOSPHERE MAPS YEAR 2012 DAY 271              COMMENT             
Global Ionospheric Maps (GIM) are generated on an hourly    DESCRIPTION         
and daily basis at JPL using data from up to 100 GPS sites  DESCRIPTION         
of the IGS and others institutions.                         DESCRIPTION         
The vertical TEC is modeled in a solar-geomagnetic          DESCRIPTION         
reference frame using bi-cubic splines on a spherical grid. DESCRIPTION         
A Kalman filter is used to solve simultaneously for         DESCRIPTION         
instrumental biases and VTEC on the grid (as stochastic     DESCRIPTION         
parameters).                                                DESCRIPTION         
Contact Address:  gpsiono@cobra.jpl.nasa.gov .              DESCRIPTION         
  2012     9    27     0     0     0                        EPOCH OF FIRST MAP  
  2012     9    28     0     0     0                        EPOCH OF LAST MAP   
  7200                                                      INTERVAL            
    13                                                      # OF MAPS IN FILE   
  NONE                                                      MAPPING FUNCTION    
    10.0                                                    ELEVATION CUTOFF    
One-way carrier phase leveled to code                       OBSERVABLES USED    
   170                                                      # OF STATIONS       
    31                                                      # OF SATELLITES     
  6371.0                                                    BASE RADIUS         
     2                                                      MAP DIMENSION       
   450.0 450.0   0.0                                        HGT1 / HGT2 / DHGT  
    87.5 -87.5  -2.5                                        LAT1 / LAT2 / DLAT  
  -180.0 180.0   5.0                                        LON1 / LON2 / DLON  
    -1                                                      EXPONENT            
TEC/RMS values in 0.1 TECU; 9999, if no value available     COMMENT             
                                                            END OF HEADER       
[from data line 1716]
     5                                                      START OF TEC MAP    
  2012     9    27     8     0     0                        EPOCH OF CURRENT MAP
    87.5-180.0 180.0   5.0 450.0                            LAT/LON1/LON2/DLON/H
  207  206  205  204  204  203  202  201  200  200  199  198  197  197  196  195
  195  194  194  194  194  194  194  195  195  196  197  198  199  200  202  203
  205  207  208  210  212  213  215  216  218  219  220  221  222  222  223  223
  224  224  224  224  224  223  223  222  222  221  220  220  219  218  217  216
  215  214  213  212  211  210  209  208  207
    85.0-180.0 180.0   5.0 450.0                            LAT/LON1/LON2/DLON/H
  196  195  194  194  193  192  192  191  190  188  187  185  183  181  180  178
  176  174  173  172  171  171  171  172  173  174  177  179  182  185  189  193
  197  201  206  210  214  218  221  224  227  229  231  233  234  235  235  236
  236  235  235  234  233  232  231  229  228  226  224  222  220  218  215  213
  210  208  206  204  202  200  198  197  196
    82.5-180.0 180.0   5.0 450.0                            LAT/LON1/LON2/DLON/H
  180  180  180  180  181  181  182  182  181  180  178  176  173  169  166  162
  158  155  152  149  147  146  146  147  149  152  155  160  165  172  178  185
  193  200  207  215  221  228  233  238  243  246  248  250  251  251  251  250
  249  247  246  244  242  240  237  235  232  229  226  223  219  215  211  207
  203  198  195  191  188  185  183  181  180
    80.0-180.0 180.0   5.0 450.0                            LAT/LON1/LON2/DLON/H
  163  164  165  166  169  171  173  174  175  174  173  170  166  161  155  150
  144  138  133  129  126  124  124  125  128  132  137  144  151  160  169  178
  189  199  210  220  231  240  249  256  262  267  270  271  271  270  268  266
  263  260  257  254  251  248  245  242  238  235  231  226  221  216  210  203
  197  191  185  179  174  170  167  164  163
    77.5-180.0 180.0   5.0 450.0                            LAT/LON1/LON2/DLON/H
  149  149  150  153  157  160  164  167  169  169  168  165  160  154  147  140
  133  125  119  114  110  107  107  109  113  118  125  132  141  151  161  172
  184  196  209  222  235  249  261  272  281  287  291  293  293  291  287  283
  278  273  269  265  261  258  255  252  249  245  241  236  230  224  216  209
  200  192  183  175  167  160  154  151  149
    75.0-180.0 180.0   5.0 450.0                            LAT/LON1/LON2/DLON/H
  138  137  138  141  145  150  155  159  162  163  162  159  155  149  141  133
  124  117  110  104  100   98   98  101  105  111  118  127  137  147  157  168
  179  191  204  219  234  250  266  280  293  303  309  312  312  309  304  298
  292  286  281  277  273  271  268  266  263  260  257  252  247  240  233  224
  215  205  193  182  170  159  150  143  138
    72.5-180.0 180.0   5.0 450.0                            LAT/LON1/LON2/DLON/H
  134  130  129  131  136  141  146  151  154  155  155  153  148  142  135  127
  119  111  105   99   96   94   94   97  102  108  116  125  135  144  154  164
  174  185  198  212  228  246  264  281  297  310  320  324  325  322  317  310
  303  297  292  288  286  284  283  282  281  279  276  272  267  261  254  246
  237  225  212  198  183  167  153  142  134
    70.0-180.0 180.0   5.0 450.0                            LAT/LON1/LON2/DLON/H
  134  127  124  125  128  132  137  142  145  147  147  144  140  134  127  120
  113  107  102   97   94   92   93   96  101  108  115  123  132  141  150  159
  169  179  191  204  220  237  256  275  293  308  321  329  332  330  326  320
  313  307  302  300  298  298  298  299  298  297  295  291  287  281  275  268
  259  248  234  218  199  180  162  146  134
    67.5-180.0 180.0   5.0 450.0                            LAT/LON1/LON2/DLON/H
  137  127  122  121  123  126  130  133  136  138  137  135  130  124  119  113
  108  104   99   95   92   91   92   95  100  106  112  119  126  134  144  153
  163  174  185  198  212  228  245  264  282  300  315  327  334  336  333  328
  322  316  312  311  311  312  313  315  315  314  311  307  302  297  291  285
  277  267  253  236  215  193  171  152  137
    65.0-180.0 180.0   5.0 450.0                            LAT/LON1/LON2/DLON/H
  141  130  123  120  119  121  123  125  127  128  127  124  120  115  110  106
  103  100   96   92   89   87   89   92   96  101  106  112  118  127  136  147
  159  170  182  194  207  221  236  252  270  289  308  324  336  341  341  338
  332  327  324  323  323  325  327  329  330  328  323  317  310  303  297  291
  284  276  264  247  227  204  180  159  141
    62.5-180.0 180.0   5.0 450.0                            LAT/LON1/LON2/DLON/H
  148  134  126  121  119  118  118  119  119  119  118  115  111  106  102   99
   97   95   92   88   84   83   84   87   92   96  100  105  111  119  130  143
  157  171  184  197  208  219  230  244  261  281  303  323  341  351  355  353
  347  342  338  336  337  338  341  343  343  340  333  324  314  304  296  289
  282  274  264  250  232  211  188  166  148
    60.0-180.0 180.0   5.0 450.0                            LAT/LON1/LON2/DLON/H
  156  142  133  126  121  118  115  114  113  112  111  108  103   99   95   93
   92   91   88   84   81   79   81   84   88   92   95   99  105  114  127  144
  161  178  192  204  214  222  231  242  258  279  304  330  353  369  375  373
  367  360  354  351  350  352  354  356  355  351  342  330  317  304  294  284
  276  269  260  249  234  216  195  174  156
    57.5-180.0 180.0   5.0 450.0                            LAT/LON1/LON2/DLON/H
  165  152  143  135  129  123  117  113  110  108  106  102   98   93   89   88
   88   87   85   81   79   78   81   85   88   91   94   97  103  113  129  149
  170  190  205  216  225  231  237  247  263  286  315  346  372  391  399  397
  389  379  371  366  364  365  367  368  368  363  353  339  324  309  296  283
  273  264  256  248  236  220  201  182  165
    55.0-180.0 180.0   5.0 450.0                            LAT/LON1/LON2/DLON/H
  175  164  155  148  141  133  125  118  112  108  104  100   94   89   85   84
   85   85   84   82   80   81   85   90   94   96   98  100  106  117  135  157
  181  203  219  230  238  243  249  259  277  302  333  366  396  416  425  421
  411  398  388  381  377  377  378  380  380  376  367  354  339  324  308  292
  278  266  258  250  240  226  209  191  175
    52.5-180.0 180.0   5.0 450.0                            LAT/LON1/LON2/DLON/H
  184  174  167  162  155  147  137  128  119  112  106  100   94   88   83   82
   84   85   85   85   86   89   95  102  106  107  107  108  113  124  143  167
  193  215  232  243  250  256  263  275  295  322  355  389  419  439  447  442
  429  415  402  393  389  388  390  392  393  390  383  373  362  348  331  313
  294  278  267  257  247  233  215  198  184
    50.0-180.0 180.0   5.0 450.0                            LAT/LON1/LON2/DLON/H
  187  179  175  173  169  162  152  140  129  119  111  103   96   89   85   84
   86   88   90   92   95  100  109  117  121  121  119  119  123  134  153  178
  203  225  241  252  260  268  277  292  314  343  376  409  437  456  462  456
  443  428  415  405  400  399  400  403  405  404  399  393  385  374  359  338
  316  296  282  270  257  240  220  201  187
    47.5-180.0 180.0   5.0 450.0                            LAT/LON1/LON2/DLON/H
  185  177  177  179  179  174  164  152  140  128  118  110  101   95   90   89
   91   94   97  101  105  113  123  132  137  137  133  131  134  145  165  188
  210  230  245  257  268  279  291  309  333  362  393  424  449  465  470  464
  452  438  426  418  412  410  411  413  414  414  412  408  404  396  383  362
  337  315  298  283  267  245  222  200  185
    45.0-180.0 180.0   5.0 450.0                            LAT/LON1/LON2/DLON/H
  177  169  170  176  181  180  172  161  149  137  127  118  110  104  100   99
  101  104  107  111  117  126  136  146  152  152  147  143  145  156  176  197
  216  232  247  261  275  289  305  325  349  377  405  432  454  468  473  469
  460  449  439  432  427  423  421  421  421  420  417  414  411  407  396  377
  354  332  314  296  275  249  220  195  177
    42.5-180.0 180.0   5.0 450.0                            LAT/LON1/LON2/DLON/H
  165  155  156  166  175  177  172  163  154  144  136  128  121  116  112  112
  113  116  119  123  128  136  146  156  163  164  159  153  154  167  186  207
  222  235  249  264  282  300  319  339  363  388  415  439  458  471  476  474
  468  461  455  450  445  439  434  430  427  422  416  410  406  401  393  378
  360  341  324  305  281  250  217  187  165
    40.0-180.0 180.0   5.0 450.0                            LAT/LON1/LON2/DLON/H
  153  139  140  151  163  168  165  159  154  149  144  139  134  129  126  126
  127  129  131  134  139  145  154  163  171  174  169  163  163  176  196  216
  229  240  253  270  290  312  333  354  376  399  423  445  463  475  481  482
  479  476  474  473  470  462  453  445  438  431  420  408  398  391  383  372
  359  345  330  310  284  250  214  180  153
    37.5-180.0 180.0   5.0 450.0                            LAT/LON1/LON2/DLON/H
  143  124  122  133  147  154  153  151  151  152  152  150  147  143  140  139
  140  142  144  145  148  153  159  167  176  181  177  170  170  184  205  225
  238  248  261  279  302  325  348  368  389  410  432  454  472  485  492  495
  496  496  500  504  504  497  486  475  466  455  439  420  402  389  380  371
  363  353  339  318  289  253  214  176  143
    35.0-180.0 180.0   5.0 450.0                            LAT/LON1/LON2/DLON/H
  141  113  105  114  128  137  139  141  146  153  159  161  160  155  152  151
  152  153  154  155  157  159  163  170  179  185  182  176  177  191  212  233
  247  258  272  292  315  340  363  383  401  421  444  467  487  502  510  515
  518  523  532  545  552  549  539  528  519  507  487  460  432  410  396  387
  381  373  359  336  304  267  225  181  141
    32.5-180.0 180.0   5.0 450.0                            LAT/LON1/LON2/DLON/H
  154  116   98   99  110  120  126  132  142  154  164  170  170  165  160  159
  161  162  163  163  164  165  167  173  181  186  185  180  182  196  218  240
  256  269  285  306  330  356  378  397  414  434  458  483  506  523  533  540
  546  555  573  597  616  622  617  611  607  596  574  540  502  468  444  430
  422  413  397  371  338  299  254  204  154
    30.0-180.0 180.0   5.0 450.0                            LAT/LON1/LON2/DLON/H
  194  143  111  100  103  110  117  126  139  154  166  175  177  172  166  165
  167  168  168  169  169  170  171  175  181  186  185  183  186  201  223  245
  263  280  299  321  347  373  394  411  427  448  473  501  528  548  562  572
  581  595  622  661  696  713  716  718  720  713  691  654  606  560  525  503
  491  478  459  432  397  357  309  253  194
    27.5-180.0 180.0   5.0 450.0                            LAT/LON1/LON2/DLON/H
  270  206  156  127  117  117  121  129  140  153  165  175  178  175  169  168
  170  172  172  172  173  174  175  177  181  185  184  184  188  204  226  249
  268  288  311  336  364  390  410  425  441  463  491  521  551  576  594  609
  621  639  675  728  777  805  817  827  835  834  814  776  723  667  622  593
  575  560  540  514  482  445  398  339  270
    25.0-180.0 180.0   5.0 450.0                            LAT/LON1/LON2/DLON/H
  389  314  246  195  165  152  147  146  149  155  162  170  175  173  169  169
  172  174  173  172  174  177  178  180  182  183  183  184  190  206  228  251
  272  294  321  350  380  407  428  442  458  481  509  541  574  604  628  648
  663  683  724  785  844  880  899  915  929  933  919  883  830  770  719  684
  660  641  622  601  577  549  512  458  389
    22.5-180.0 180.0   5.0 450.0                            LAT/LON1/LON2/DLON/H
  531  460  382  311  258  223  200  185  175  168  166  168  171  170  168  169
  172  174  172  170  172  176  179  181  182  183  182  183  190  206  229  252
  273  297  328  361  395  425  446  462  479  503  530  562  597  631  660  684
  700  719  759  821  881  919  940  959  977  986  979  952  906  851  799  759
  730  708  689  673  659  645  624  587  531
    20.0-180.0 180.0   5.0 450.0                            LAT/LON1/LON2/DLON/H
  663  609  538  461  391  335  289  252  223  200  184  177  174  171  168  169
  172  173  169  165  167  173  178  182  183  183  182  182  189  205  228  251
  272  298  333  371  408  441  466  484  504  527  553  583  618  654  687  713
  729  743  774  826  876  906  925  944  965  979  981  967  936  895  849  807
  772  744  724  711  707  708  708  695  663
    17.5-180.0 180.0   5.0 450.0                            LAT/LON1/LON2/DLON/H
  752  729  680  611  537  466  403  348  300  259  226  204  190  180  174  172
  173  171  164  159  161  168  176  181  184  184  182  181  186  202  225  248
  270  298  335  377  418  455  485  508  530  552  575  603  637  672  706  731
  743  749  767  799  831  851  866  886  909  929  941  942  931  906  869  826
  783  746  717  700  698  712  734  751  752
    15.0-180.0 180.0   5.0 450.0                            LAT/LON1/LON2/DLON/H
  763  783  773  730  664  590  519  453  395  343  296  256  225  203  189  181
  177  171  160  152  153  162  172  179  183  183  180  177  180  195  219  242
  265  296  336  381  425  465  500  529  553  576  597  622  653  685  715  737
  745  744  746  758  769  778  790  809  835  861  881  895  903  896  868  824
  773  724  682  651  638  650  683  725  763
    12.5-180.0 180.0   5.0 450.0                            LAT/LON1/LON2/DLON/H
  687  747  787  786  742  677  610  547  489  436  382  327  278  241  214  197
  185  173  158  146  147  156  167  176  181  180  175  170  172  185  208  233
  259  292  336  382  427  471  511  544  571  594  615  639  666  693  717  735
  740  734  726  720  714  713  722  741  768  797  823  847  867  873  853  808
  752  694  637  585  553  549  577  626  687
    10.0-180.0 180.0   5.0 450.0                            LAT/LON1/LON2/DLON/H
  561  645  725  763  747  701  654  608  563  517  464  400  337  286  247  219
  197  177  157  143  142  151  162  170  174  173  167  160  160  172  195  222
  251  288  333  380  425  470  513  550  579  604  627  651  675  695  713  729
  734  728  716  700  686  681  687  706  733  763  789  814  836  846  829  787
  732  670  601  528  470  443  452  493  561
     7.5-180.0 180.0   5.0 450.0                            LAT/LON1/LON2/DLON/H
  426  520  625  690  689  658  633  617  597  568  523  458  388  327  279  241
  210  183  159  142  141  148  157  164  166  163  155  148  147  159  181  210
  243  283  329  374  418  463  507  545  576  603  630  657  678  692  707  722
  732  733  725  713  701  695  698  712  736  762  783  800  815  820  803  766
  720  666  594  504  419  364  346  367  426
     5.0-180.0 180.0   5.0 450.0                            LAT/LON1/LON2/DLON/H
  328  415  526  601  604  577  569  578  581  571  542  487  419  357  304  259
  222  189  161  144  142  148  154  157  157  152  144  136  135  146  169  200
  237  279  323  366  406  449  493  531  563  593  623  652  672  684  698  719
  738  749  753  751  747  743  740  747  765  785  796  800  800  794  775  746
  716  680  617  522  423  344  298  290  328
     2.5-180.0 180.0   5.0 450.0                            LAT/LON1/LON2/DLON/H
  305  370  468  533  526  495  495  517  534  536  518  477  421  365  314  268
  228  193  165  148  146  150  152  152  149  144  135  127  126  138  162  194
  233  275  316  354  391  430  472  510  542  572  604  634  654  668  687  716
  746  769  786  798  807  806  799  798  809  820  819  807  788  768  745  725
  713  699  653  565  465  379  319  292  305
