ionex_esag_emptyfiles/esag2680.12i
     1.0            IONOSPHERE MAPS     GPS                 IONEX VERSION / TYPE
GIM V3.0            JPL - GNISD         27-sep-2012 00:43   PGM / RUN BY / DATE 
JPL'S GLOBAL IONOSPHERE MAPS YEAR 2012 DAY 268              COMMENT             
Global Ionospheric Maps (GIM) are generated on an hourly    DESCRIPTION         
and daily basis at JPL using data from up to 100 GPS sites  DESCRIPTION         
of the IGS and others institutions.                         DESCRIPTION         
The vertical TEC is modeled in a solar-geomagnetic          DESCRIPTION         
reference frame using bi-cubic splines on a spherical grid. DESCRIPTION         
A Kalman filter is used to solve simultaneously for         DESCRIPTION         
instrumental biases and VTEC on the grid (as stochastic     DESCRIPTION         
parameters).                                                DESCRIPTION         
Contact Address:  gpsiono@cobra.jpl.nasa.gov .              DESCRIPTION         
  2012     9    24     0     0     0                        EPOCH OF FIRST MAP  
  2012     9    25     0     0     0                        EPOCH OF LAST MAP   
  7200                                                      INTERVAL            
    13                                                      # OF MAPS IN FILE   
  NONE                                                      MAPPING FUNCTION    
    10.0                                                    ELEVATION CUTOFF    
One-way carrier phase leveled to code                       OBSERVABLES USED    
   170                                                      # OF STATIONS       
    31                                                      # OF SATELLITES     
  6371.0                                                    BASE RADIUS         
     2                                                      MAP DIMENSION       
   450.0 450.0   0.0                                        HGT1 / HGT2 / DHGT  
    87.5 -87.5  -2.5                                        LAT1 / LAT2 / DLAT  
  -180.0 180.0   5.0                                        LON1 / LON2 / DLON  
    -1                                                      EXPONENT            
TEC/RMS values in 0.1 TECU; 9999, if no value available     COMMENT             
                                                            END OF HEADER       
[from data line 4290]
    11                                                      START OF TEC MAP    
  2012     9    24    20     0     0                        EPOCH OF CURRENT MAP
    87.5-180.0 180.0   5.0 450.0                            LAT/LON1/LON2/DLON/H
  232  232  233  233  234  234  235  235  235  236  236  237  237  237  237  237
  237  237  237  237  237  237  236  236  235  235  234  234  233  232  231  231
  230  229  229  228  227  227  226  226  225  225  225  225  225  224  224  224
  224  225  225  225  225  225  226  226  226  226  227  227  227  227  228  228
  228  229  229  230  230  230  231  231  232
    85.0-180.0 180.0   5.0 450.0                            LAT/LON1/LON2/DLON/H
  227  228  229  230  231  232  234  235  236  237  238  239  240  241  241  242
  242  242  242  242  242  241  240  239  237  236  234  232  230  229  227  225
  223  221  220  218  217  216  215  214  213  212  212  211  211  211  212  212
  212  213  214  214  215  216  216  217  217  218  218  219  219  220  220  221
  221  222  223  223  224  225  226  226  227
    82.5-180.0 180.0   5.0 450.0                            LAT/LON1/LON2/DLON/H
  220  222  223  225  227  229  231  233  235  237  240  242  243  245  246  248
  248  249  249  248  247  246  244  241  239  236  232  229  225  222  219  216
  213  210  208  206  203  201  200  198  197  196  195  195  195  195  195  196
  197  198  199  200  202  203  204  204  205  206  206  207  207  208  209  209
  210  211  212  213  215  216  217  219  220
    80.0-180.0 180.0   5.0 450.0                            LAT/LON1/LON2/DLON/H
  212  214  217  220  223  226  229  232  236  239  243  246  249  252  254  256
  257  258  258  257  255  252  249  245  240  235  229  224  219  214  210  206
  202  199  196  193  191  188  186  184  182  180  178  178  177  177  178  179
  180  181  183  184  185  187  188  188  189  189  189  190  190  191  192  193
  195  196  198  200  202  204  207  209  212
    77.5-180.0 180.0   5.0 450.0                            LAT/LON1/LON2/DLON/H
  203  207  212  216  220  225  230  234  239  244  249  254  258  262  265  268
  270  271  270  269  266  262  256  250  242  234  226  219  212  206  200  195
  192  188  186  183  181  178  175  172  170  167  165  163  162  161  162  162
  163  164  166  167  167  168  168  168  167  167  167  166  167  168  169  171
  174  177  180  184  187  191  195  199  203
    75.0-180.0 180.0   5.0 450.0                            LAT/LON1/LON2/DLON/H
  197  203  209  215  221  227  233  240  246  253  259  265  271  276  280  284
  286  287  286  283  280  274  266  257  247  236  225  215  207  199  193  188
  184  182  179  177  175  172  169  166  162  158  155  152  150  149  148  148
  149  149  149  149  149  148  147  145  143  141  140  139  139  140  142  145
  149  153  159  165  171  178  184  191  197
    72.5-180.0 180.0   5.0 450.0                            LAT/LON1/LON2/DLON/H
  194  202  210  218  225  233  241  249  257  265  273  281  288  293  298  301
  303  303  302  299  294  286  277  265  253  240  227  216  206  197  191  186
  183  181  179  177  174  171  167  162  158  153  148  145  142  140  138  138
  137  137  135  134  131  128  125  121  118  115  112  110  110  111  113  118
  123  130  138  147  156  166  175  185  194
    70.0-180.0 180.0   5.0 450.0                            LAT/LON1/LON2/DLON/H
  195  206  216  225  234  243  252  261  270  280  289  298  306  311  315  317
  319  318  317  313  307  298  287  274  260  246  233  221  211  203  197  193
  190  187  185  182  178  173  168  162  156  150  145  140  137  134  132  130
  129  127  124  120  115  110  105  100   95   90   87   85   84   86   89   94
  101  110  120  132  144  157  170  183  195
    67.5-180.0 180.0   5.0 450.0                            LAT/LON1/LON2/DLON/H
  200  214  226  237  247  256  265  275  285  295  306  315  322  328  331  332
  332  331  329  324  318  308  296  283  269  256  243  232  223  216  210  206
  203  199  195  190  184  178  170  163  155  148  142  138  134  130  128  125
  122  118  114  108  101   95   88   82   76   72   69   67   67   69   73   79
   87   97  109  123  138  154  170  186  200
    65.0-180.0 180.0   5.0 450.0                            LAT/LON1/LON2/DLON/H
  209  225  239  251  261  270  279  289  299  309  320  329  336  341  343  343
  342  340  337  332  325  315  304  291  279  267  256  247  239  233  229  224
  220  215  208  201  192  183  173  163  155  147  141  136  132  129  125  121
  116  111  105   97   90   82   75   69   64   61   59   58   60   63   68   75
   83   94  107  122  139  156  175  192  209
    62.5-180.0 180.0   5.0 450.0                            LAT/LON1/LON2/DLON/H
  221  238  253  265  276  285  293  301  310  320  330  339  346  350  352  352
  350  347  342  336  329  320  309  299  289  279  271  264  258  254  249  245
  239  232  223  212  199  187  175  164  155  148  142  137  133  128  123  117
  111  104   97   89   81   73   67   62   59   57   57   59   62   66   72   80
   89  100  114  129  146  164  183  203  221
    60.0-180.0 180.0   5.0 450.0                            LAT/LON1/LON2/DLON/H
  233  251  266  279  290  298  305  312  319  327  336  344  351  356  359  358
  355  351  345  339  331  323  314  305  298  292  286  282  278  274  270  265
  259  249  236  221  206  191  178  166  156  149  144  140  135  130  123  115
  107   99   90   82   75   68   63   60   59   60   62   66   71   76   83   91
  100  112  125  140  157  176  195  214  233
    57.5-180.0 180.0   5.0 450.0                            LAT/LON1/LON2/DLON/H
  244  262  278  291  301  309  315  320  326  332  339  346  354  360  364  363
  360  354  347  340  332  325  317  311  306  303  301  299  296  293  289  284
  275  262  247  229  211  195  180  169  160  154  150  146  141  133  124  115
  105   96   87   80   73   67   64   63   64   68   72   78   84   91   97  105
  114  125  137  152  169  187  206  225  244
    55.0-180.0 180.0   5.0 450.0                            LAT/LON1/LON2/DLON/H
  253  271  287  300  310  317  323  328  332  336  341  348  356  363  368  368
  363  356  349  341  333  326  321  317  314  314  314  314  312  309  305  297
  286  271  252  232  214  197  184  173  165  160  157  153  148  139  129  117
  106   97   89   82   77   73   71   72   75   80   87   94  100  106  111  117
  125  135  148  162  179  196  215  234  253
    52.5-180.0 180.0   5.0 450.0                            LAT/LON1/LON2/DLON/H
  258  276  292  306  316  325  332  337  340  342  345  350  358  367  372  372
  367  359  351  343  335  329  325  322  322  324  326  327  326  322  315  305
  291  272  251  230  212  198  187  178  172  167  165  162  156  147  135  123
  112  103   96   91   87   84   84   86   90   96  103  110  116  120  123  126
  132  141  153  168  184  202  220  239  258
    50.0-180.0 180.0   5.0 450.0                            LAT/LON1/LON2/DLON/H
  258  277  294  308  320  331  340  347  350  351  352  355  363  371  377  376
  371  363  354  346  339  333  330  329  331  334  338  340  337  331  320  305
  285  263  239  219  205  195  188  182  177  174  172  169  164  155  144  132
  122  114  108  104  101   99  100  102  106  112  119  125  130  132  132  132
  136  143  154  168  184  201  220  239  258
    47.5-180.0 180.0   5.0 450.0                            LAT/LON1/LON2/DLON/H
  254  273  291  308  322  335  347  357  362  363  362  364  370  378  383  382
  377  369  360  352  345  339  337  337  341  346  351  352  347  336  319  296
  271  245  222  206  196  192  189  185  181  178  176  174  170  162  153  143
  134  127  122  118  116  115  116  118  122  126  132  137  140  140  138  136
  137  142  152  165  181  198  216  234  254
    45.0-180.0 180.0   5.0 450.0                            LAT/LON1/LON2/DLON/H
  247  266  286  304  321  337  353  366  373  375  374  375  380  386  390  389
  384  377  369  361  354  349  346  348  352  360  366  366  356  338  314  285
  256  230  210  197  191  190  190  187  182  179  177  176  173  168  160  152
  144  138  134  131  129  129  130  132  134  136  140  143  145  144  141  138
  137  141  149  162  177  193  210  228  247
    42.5-180.0 180.0   5.0 450.0                            LAT/LON1/LON2/DLON/H
  240  259  279  299  318  337  356  373  383  387  387  389  393  398  400  399
  394  388  381  374  367  361  359  361  367  376  384  382  369  346  316  284
  254  230  214  204  198  196  194  188  182  178  177  177  176  172  165  158
  151  145  141  138  138  139  140  141  141  140  141  143  144  144  142  139
  138  141  148  160  175  191  206  222  240
    40.0-180.0 180.0   5.0 450.0                            LAT/LON1/LON2/DLON/H
  235  253  273  293  313  334  356  376  391  399  403  405  409  413  414  412
  407  403  397  391  383  377  375  377  384  396  405  405  391  367  338  306
  279  260  248  238  226  215  204  194  185  180  179  179  178  175  168  160
  152  146  142  141  141  144  146  146  144  140  139  138  139  140  141  140
  140  142  150  163  178  192  206  220  235
    37.5-180.0 180.0   5.0 450.0                            LAT/LON1/LON2/DLON/H
  235  251  269  288  309  331  355  378  397  411  420  426  430  433  432  429
  425  421  417  410  402  395  392  395  404  418  431  435  426  410  388  364
  344  332  323  305  278  249  226  209  196  188  185  184  182  177  169  159
  150  144  141  140  142  146  149  149  144  139  134  132  133  136  140  142
  142  145  154  168  184  199  211  222  235
    35.0-180.0 180.0   5.0 450.0                            LAT/LON1/LON2/DLON/H
  240  253  268  286  306  329  354  379  403  423  439  450  456  459  456  451
  447  444  439  431  422  414  411  415  426  444  462  474  479  481  476  464
  452  443  430  399  350  299  261  236  219  207  199  195  190  182  170  158
  149  142  139  139  142  147  151  151  145  137  131  128  129  133  138  142
  144  149  160  176  194  208  220  230  240
    32.5-180.0 180.0   5.0 450.0                            LAT/LON1/LON2/DLON/H
  249  259  272  287  306  328  353  381  410  437  459  476  486  489  486  479
  474  470  464  454  442  433  431  436  450  473  498  523  550  577  593  594
  586  576  555  508  436  362  310  280  258  239  222  210  200  188  174  161
  151  145  141  141  143  149  153  153  146  137  131  129  128  132  138  142
  145  152  166  185  204  220  232  241  249
    30.0-180.0 180.0   5.0 450.0                            LAT/LON1/LON2/DLON/H
  260  268  278  291  308  329  355  385  417  450  480  504  519  524  520  512
  506  500  492  478  462  452  451  459  477  504  537  577  628  683  721  732
  725  710  680  619  526  433  371  336  309  278  249  228  213  198  183  171
  162  156  152  148  148  152  157  156  148  140  136  133  132  134  138  141
  145  154  171  193  214  231  244  253  260
    27.5-180.0 180.0   5.0 450.0                            LAT/LON1/LON2/DLON/H
  271  279  287  299  315  335  360  391  426  464  500  531  553  562  560  551
  542  534  522  504  485  473  472  483  505  537  578  631  703  783  840  857
  848  826  788  716  609  501  430  392  359  317  275  245  226  211  198  189
  183  177  170  162  157  158  161  159  152  145  142  140  138  137  137  139
  143  155  174  199  222  241  255  264  271
    25.0-180.0 180.0   5.0 450.0                            LAT/LON1/LON2/DLON/H
  282  290  300  311  326  346  371  402  438  479  520  558  587  603  603  595
  584  572  556  533  510  495  494  508  534  572  619  682  768  863  932  951
  935  906  864  788  673  554  476  434  397  345  293  256  236  224  217  213
  210  204  193  180  169  166  167  163  156  150  148  147  143  138  135  135
  139  153  176  203  228  248  263  274  282
    22.5-180.0 180.0   5.0 450.0                            LAT/LON1/LON2/DLON/H
  293  304  315  329  345  364  388  418  454  495  540  584  622  645  651  643
  630  615  595  568  539  521  519  534  565  608  659  725  814  913  984 1001
  978  943  900  824  705  579  494  449  409  353  296  259  241  234  234  236
  236  230  218  199  183  176  173  168  160  154  152  151  145  137  131  129
  134  150  174  203  231  254  270  283  293
    20.0-180.0 180.0   5.0 450.0                            LAT/LON1/LON2/DLON/H
  305  319  334  351  369  390  413  440  474  514  561  611  657  688  700  695
  681  661  637  607  574  550  545  563  597  643  696  759  841  933 1000 1011
  981  939  892  816  695  564  471  423  387  338  287  253  239  238  243  251
  255  252  239  219  199  187  180  172  163  157  154  150  142  132  124  121
  126  143  169  201  232  257  276  291  305
    17.5-180.0 180.0   5.0 450.0                            LAT/LON1/LON2/DLON/H
  318  336  355  377  398  421  444  470  500  538  585  639  691  729  748  747
  733  710  684  651  613  583  576  594  631  679  731  785  853  930  985  987
  946  893  838  758  634  501  407  364  341  307  268  241  231  233  241  253
  261  262  253  235  215  199  187  176  167  160  154  148  138  126  117  113
  118  134  161  196  231  260  282  300  318
    15.0-180.0 180.0   5.0 450.0                            LAT/LON1/LON2/DLON/H
  332  355  378  403  429  453  478  503  531  566  611  666  722  766  791  797
  786  763  734  699  657  622  611  630  667  714  761  804  853  909  946  934
  878  807  737  650  530  405  320  290  285  271  246  226  217  217  225  239
  253  261  260  247  228  209  193  179  170  162  154  145  133  121  111  106
  110  125  152  189  228  261  287  310  332
    12.5-180.0 180.0   5.0 450.0                            LAT/LON1/LON2/DLON/H
  348  375  401  428  456  483  509  535  562  595  638  692  748  796  828  843
  838  818  788  750  705  667  654  672  707  750  788  816  843  876  890  859
  784  694  609  517  407  301  234  221  235  241  229  213  201  196  201  217
  237  253  260  252  236  217  198  182  172  164  155  145  132  119  109  103
  105  117  143  183  226  263  293  321  348
    10.0-180.0 180.0   5.0 450.0                            LAT/LON1/LON2/DLON/H
  364  394  422  449  477  506  534  562  590  622  662  713  768  818  856  881
  888  873  844  804  758  718  706  722  751  784  809  820  827  835  825  773
  682  576  478  387  293  211  169  177  208  229  225  210  193  180  182  198
  221  241  252  250  237  219  200  185  175  167  159  149  137  125  113  104
  104  114  139  180  227  266  299  331  364
     7.5-180.0 180.0   5.0 450.0                            LAT/LON1/LON2/DLON/H
  376  409  438  464  490  518  549  580  611  643  681  727  779  828  872  908
  928  923  895  856  810  773  762  775  797  816  826  820  809  796  764  693
  588  473  372  286  213  162  149  174  215  241  240  224  201  182  179  192
  213  231  240  238  229  215  199  186  177  170  164  157  148  136  122  111
  108  116  141  183  231  272  306  341  376
     5.0-180.0 180.0   5.0 450.0                            LAT/LON1/LON2/DLON/H
  384  418  447  471  495  522  554  589  622  656  691  732  779  827  874  920
  953  956  932  895  854  822  814  824  837  843  836  817  792  765  718  633
  520  406  312  242  191  166  175  212  255  280  280  261  235  212  204  210
  221  227  226  221  215  206  195  185  178  173  170  167  160  150  135  122
  116  124  150  192  240  280  313  348  384
     2.5-180.0 180.0   5.0 450.0                            LAT/LON1/LON2/DLON/H
  385  419  448  472  493  518  551  588  625  659  692  726  766  811  860  912
  954  965  946  913  880  855  851  858  863  858  841  812  782  750  696  605
  493  391  313  258  223  216  240  283  324  348  347  328  302  276  259  251
  242  228  212  201  197  194  189  184  178  174  174  174  171  162  148  133
  127  135  162  205  251  289  320  351  385
