ionex_esag_emptyfiles/esag2690.12i
     1.0            IONOSPHERE MAPS     GPS                 IONEX VERSION / TYPE
GIM V3.0            JPL - GNISD         28-sep-2012 00:52   PGM / RUN BY / DATE 
JPL'S GLOBAL IONOSPHERE MAPS YEAR 2012 DAY 269              COMMENT             
Global Ionospheric Maps (GIM) are generated on an hourly    DESCRIPTION         
and daily basis at JPL using data from up to 100 GPS sites  DESCRIPTION         
of the IGS and others institutions.                         DESCRIPTION         
The vertical TEC is modeled in a solar-geomagnetic          DESCRIPTION         
reference frame using bi-cubic splines on a spherical grid. DESCRIPTION         
A Kalman filter is used to solve simultaneously for         DESCRIPTION         
instrumental biases and VTEC on the grid (as stochastic     DESCRIPTION         
parameters).                                                DESCRIPTION         
Contact Address:  gpsiono@cobra.jpl.nasa.gov .              DESCRIPTION         
  2012     9    25     0     0     0                        EPOCH OF FIRST MAP  
  2012     9    26     0     0     0                        EPOCH OF LAST MAP   
  7200                                                      INTERVAL            
    13                                                      # OF MAPS IN FILE   
  NONE                                                      MAPPING FUNCTION    
    10.0                                                    ELEVATION CUTOFF    
One-way carrier phase leveled to code                       OBSERVABLES USED    
   170                                                      # OF STATIONS       
    31                                                      # OF SATELLITES     
  6371.0                                                    BASE RADIUS         
     2                                                      MAP DIMENSION       
   450.0 450.0   0.0                                        HGT1 / HGT2 / DHGT  
    87.5 -87.5  -2.5                                        LAT1 / LAT2 / DLAT  
  -180.0 180.0   5.0                                        LON1 / LON2 / DLON  
    -1                                                      EXPONENT            
TEC/RMS values in 0.1 TECU; 9999, if no value available     COMMENT             
                                                            END OF HEADER       
[from data line 858]
     3                                                      START OF TEC MAP    
  2012     9    25     4     0     0                        EPOCH OF CURRENT MAP
    87.5-180.0 180.0   5.0 450.0                            LAT/LON1/LON2/DLON/H
  246  245  244  243  242  241  239  238  237  235  234  233  232  230  229  228
  227  225  224  223  222  220  219  218  217  216  215  214  213  212  211  211
  210  210  210  210  210  210  211  212  212  214  215  216  218  220  221  223
  225  227  229  232  234  236  238  240  241  243  245  246  247  248  249  249
  250  250  250  250  249  249  248  247  246
    85.0-180.0 180.0   5.0 450.0                            LAT/LON1/LON2/DLON/H
  257  254  252  249  246  244  241  239  236  234  233  231  229  227  226  224
  223  221  219  218  216  214  212  210  207  205  203  201  198  197  195  193
  192  191  190  190  190  190  191  193  194  196  199  202  205  208  212  216
  220  224  229  233  238  242  247  251  255  258  261  264  266  268  269  270
  270  270  269  268  266  264  262  260  257
    82.5-180.0 180.0   5.0 450.0                            LAT/LON1/LON2/DLON/H
  261  257  252  248  244  240  236  233  231  228  226  224  223  221  220  219
  218  216  215  213  211  209  206  203  200  197  193  190  187  183  180  177
  175  173  172  171  171  172  173  175  177  180  184  188  193  198  204  209
  216  222  229  236  243  249  256  262  268  273  277  281  284  286  288  288
  288  286  284  282  278  275  270  266  261
    80.0-180.0 180.0   5.0 450.0                            LAT/LON1/LON2/DLON/H
  261  254  248  242  236  231  227  223  220  218  216  215  213  213  212  211
  211  210  209  208  206  204  201  198  194  190  185  180  175  170  166  162
  158  156  154  153  153  154  156  159  162  166  171  177  183  190  197  205
  213  221  230  239  247  256  264  272  279  285  290  294  297  300  301  301
  300  298  295  290  286  280  274  268  261
    77.5-180.0 180.0   5.0 450.0                            LAT/LON1/LON2/DLON/H
  257  249  241  233  226  220  215  210  207  204  203  202  201  201  201  201
  201  201  201  200  199  197  195  191  187  182  176  170  164  157  152  146
  142  139  136  136  136  138  140  144  149  154  161  168  175  183  192  201
  211  221  231  242  252  262  271  279  286  292  297  301  303  305  306  306
  304  302  298  294  288  281  274  266  257
    75.0-180.0 180.0   5.0 450.0                            LAT/LON1/LON2/DLON/H
  253  243  234  225  216  208  202  196  192  189  188  187  187  187  188  188
  189  190  190  190  189  188  186  183  178  173  166  159  152  145  138  132
  127  123  121  120  121  123  126  131  137  144  151  160  169  178  189  199
  210  222  234  245  256  267  276  284  290  295  298  301  302  303  303  303
  302  300  296  292  286  279  271  262  253
    72.5-180.0 180.0   5.0 450.0                            LAT/LON1/LON2/DLON/H
  251  240  230  219  209  200  192  185  179  175  173  172  172  173  174  175
  176  177  178  178  178  178  176  173  168  163  156  149  141  133  126  120
  114  111  108  107  108  110  114  120  126  134  143  153  163  174  186  198
  211  224  237  250  262  273  282  289  294  297  298  298  297  297  296  295
  294  293  291  288  283  277  269  260  251
    70.0-180.0 180.0   5.0 450.0                            LAT/LON1/LON2/DLON/H
  252  243  232  221  210  198  187  178  170  165  161  159  159  159  160  162
  163  164  165  166  167  167  165  162  158  152  145  137  130  122  115  109
  104  100   98   97   98  100  104  110  117  126  136  147  159  171  184  198
  212  226  241  255  269  280  289  295  298  299  297  295  292  289  287  286
  286  285  284  283  279  275  268  261  252
    67.5-180.0 180.0   5.0 450.0                            LAT/LON1/LON2/DLON/H
  258  251  242  231  219  205  192  179  168  159  153  150  148  148  149  150
  150  151  152  154  155  155  154  151  147  141  134  126  119  112  105  100
   96   92   90   89   90   92   96  102  109  119  130  142  156  170  184  199
  214  230  247  263  277  289  298  303  305  303  300  295  290  285  281  279
  277  277  278  278  276  274  270  265  258
    65.0-180.0 180.0   5.0 450.0                            LAT/LON1/LON2/DLON/H
  267  262  256  247  235  220  204  188  173  160  151  144  141  140  139  139
  140  140  141  142  144  144  143  140  136  130  123  116  109  103   98   93
   89   87   85   84   85   87   90   96  103  114  126  140  155  170  186  202
  218  236  254  272  288  301  310  314  315  312  307  300  293  286  279  274
  272  271  272  273  274  274  273  271  267
    62.5-180.0 180.0   5.0 450.0                            LAT/LON1/LON2/DLON/H
  277  275  272  265  254  239  221  202  184  167  154  144  138  135  133  132
  131  130  131  132  133  134  133  130  126  120  113  107  102   97   92   89
   86   84   83   82   82   84   87   92  100  111  125  141  158  175  191  207
  224  243  263  283  301  315  324  328  327  323  317  309  300  291  282  274
  269  266  268  270  273  275  277  277  277
    60.0-180.0 180.0   5.0 450.0                            LAT/LON1/LON2/DLON/H
  284  286  285  281  272  257  238  218  198  178  162  149  140  134  131  128
  125  123  122  123  125  126  125  123  118  112  106  101   97   93   90   88
   86   85   83   83   82   84   86   91  100  112  127  145  164  183  199  215
  231  250  272  294  314  329  338  341  340  335  329  321  311  300  288  277
  269  265  265  269  273  276  279  282  284
    57.5-180.0 180.0   5.0 450.0                            LAT/LON1/LON2/DLON/H
  288  291  292  290  282  269  251  231  210  190  172  156  145  138  132  127
  122  118  116  117  119  120  120  118  114  108  102   98   95   94   93   91
   90   88   87   86   85   86   89   94  103  116  134  154  175  194  210  225
  240  259  281  304  326  341  350  353  351  347  341  332  322  310  296  283
  272  266  266  269  274  278  282  285  288
    55.0-180.0 180.0   5.0 450.0                            LAT/LON1/LON2/DLON/H
  291  293  294  292  284  272  256  238  219  199  180  164  152  143  136  129
  122  116  113  114  116  118  119  118  114  108  103   99   98   98   98   97
   96   94   92   91   90   91   93   99  109  123  142  164  187  207  223  236
  250  267  289  313  335  352  361  363  361  356  350  343  333  321  306  292
  280  272  271  273  278  282  285  288  291
    52.5-180.0 180.0   5.0 450.0                            LAT/LON1/LON2/DLON/H
  293  294  294  290  281  267  252  236  221  204  187  171  159  149  141  133
  124  117  113  113  115  119  121  122  119  113  108  104  104  105  105  104
  102   99   98   97   96   97  100  107  117  132  152  175  199  220  235  247
  259  275  296  320  342  359  368  370  367  363  357  350  341  331  318  304
  292  283  280  281  285  289  291  292  293
    50.0-180.0 180.0   5.0 450.0                            LAT/LON1/LON2/DLON/H
  299  298  295  288  276  260  245  230  217  204  189  174  163  154  146  137
  127  119  115  115  118  122  126  128  126  121  116  112  112  113  112  110
  106  103  102  102  103  105  108  115  125  141  161  185  210  231  245  256
  267  282  303  326  347  363  372  374  371  366  361  354  347  338  328  317
  305  296  292  292  296  300  301  301  299
    47.5-180.0 180.0   5.0 450.0                            LAT/LON1/LON2/DLON/H
  311  307  301  290  274  256  238  225  213  202  188  175  164  156  148  140
  132  124  120  119  122  127  133  137  136  131  126  122  121  120  117  113
  108  105  105  107  109  112  115  122  133  148  168  192  217  238  253  263
  274  289  309  331  351  366  374  375  372  367  362  356  349  342  335  327
  317  309  305  305  309  313  315  314  311
    45.0-180.0 180.0   5.0 450.0                            LAT/LON1/LON2/DLON/H
  326  321  314  301  282  259  238  223  212  201  187  174  163  155  149  143
  137  131  127  126  128  134  141  145  146  142  136  132  129  126  121  115
  109  106  108  111  115  118  122  128  138  153  173  197  222  244  260  271
  282  297  316  337  356  369  375  375  371  366  360  353  346  341  336  331
  325  319  315  317  322  328  330  329  326
    42.5-180.0 180.0   5.0 450.0                            LAT/LON1/LON2/DLON/H
  343  339  332  319  298  272  248  230  216  203  189  174  163  154  149  145
  142  139  136  133  135  141  148  153  155  152  148  144  139  133  125  118
  112  109  112  117  121  124  127  132  142  157  178  202  227  250  266  279
  291  306  325  345  361  371  375  373  369  363  356  347  339  334  330  328
  325  323  322  326  334  341  345  345  343
    40.0-180.0 180.0   5.0 450.0                            LAT/LON1/LON2/DLON/H
  359  357  352  340  319  292  266  245  228  212  195  178  164  155  150  148
  148  147  144  141  142  147  155  161  163  162  160  157  152  144  135  126
  120  118  120  125  128  129  131  136  147  164  185  209  234  257  275  289
  302  318  336  354  368  376  376  373  369  363  355  344  333  326  322  321
  321  322  325  332  342  352  358  359  359
    37.5-180.0 180.0   5.0 450.0                            LAT/LON1/LON2/DLON/H
  372  373  370  360  340  314  288  265  245  226  206  187  171  159  153  151
  153  154  151  148  148  153  161  168  172  173  174  173  170  162  152  143
  137  135  136  137  137  136  136  142  155  175  199  223  245  267  286  302
  316  331  349  365  378  383  382  378  375  370  361  348  334  325  319  318
  319  322  328  338  350  360  367  370  372
    35.0-180.0 180.0   5.0 450.0                            LAT/LON1/LON2/DLON/H
  382  383  382  374  357  334  309  285  263  242  220  199  181  167  158  155
  156  157  154  152  152  159  167  175  181  186  191  194  194  188  180  172
  166  161  157  153  149  145  144  151  167  193  221  244  262  280  298  314
  329  344  361  378  390  395  394  392  392  389  380  366  349  337  329  326
  326  330  338  349  361  371  377  380  382
    32.5-180.0 180.0   5.0 450.0                            LAT/LON1/LON2/DLON/H
  392  392  389  382  367  348  326  302  280  258  236  214  194  178  166  159
  157  156  153  151  154  163  173  183  191  200  211  220  225  223  217  210
  202  194  184  174  164  158  157  165  186  218  249  270  281  292  308  325
  340  355  372  390  405  412  416  418  422  423  417  402  385  370  359  351
  348  351  359  370  381  389  392  393  392
    30.0-180.0 180.0   5.0 450.0                            LAT/LON1/LON2/DLON/H
  408  402  395  386  373  356  336  313  291  270  250  229  208  190  174  163
  157  152  148  149  156  167  179  192  203  217  234  250  260  262  259  252
  243  230  213  196  183  176  175  183  207  243  278  295  298  303  315  331
  346  362  381  402  421  435  445  455  465  470  467  455  438  423  409  398
  390  388  395  406  415  418  418  414  408
    27.5-180.0 180.0   5.0 450.0                            LAT/LON1/LON2/DLON/H
  432  417  403  391  378  364  344  320  297  278  261  242  222  201  183  168
  157  149  145  149  160  174  189  204  219  237  260  282  297  303  301  295
  284  266  243  219  203  196  194  201  224  264  300  313  309  307  315  329
  346  365  388  413  438  460  479  496  512  521  522  514  502  488  474  458
  445  439  446  456  464  464  457  446  432
    25.0-180.0 180.0   5.0 450.0                            LAT/LON1/LON2/DLON/H
  467  441  418  402  390  377  357  331  305  286  270  253  233  212  191  174
  161  151  149  156  171  188  206  222  239  262  290  316  334  341  341  334
  321  299  269  239  221  213  210  214  234  272  307  318  310  303  308  323
  341  364  393  424  455  484  511  535  555  568  573  572  566  556  543  525
  507  498  504  515  522  520  509  490  467
    22.5-180.0 180.0   5.0 450.0                            LAT/LON1/LON2/DLON/H
  510  474  443  424  413  401  381  352  323  302  286  268  246  223  202  184
  171  163  163  174  192  213  232  248  266  291  322  350  368  374  373  365
  350  325  288  253  233  224  218  217  230  263  294  305  299  293  299  314
  336  364  398  435  472  507  539  566  587  601  612  619  623  620  609  591
  570  559  563  575  582  579  565  541  510
    20.0-180.0 180.0   5.0 450.0                            LAT/LON1/LON2/DLON/H
  554  511  475  457  450  442  423  391  359  334  314  292  266  240  218  200
  190  186  190  205  227  250  269  283  299  325  357  383  397  400  396  386
  369  340  299  259  234  223  213  206  212  238  267  281  281  280  289  308
  334  367  406  448  488  525  558  585  603  616  631  650  665  671  665  649
  628  616  618  629  637  635  620  592  554
    17.5-180.0 180.0   5.0 450.0                            LAT/LON1/LON2/DLON/H
  596  549  512  498  498  497  482  453  418  388  362  333  301  270  245  228
  222  224  233  250  273  298  315  324  337  362  391  412  419  416  407  393
  374  342  297  252  224  208  195  183  185  205  232  251  261  268  282  306
  337  375  418  461  503  540  570  593  607  618  637  667  695  710  710  697
  678  664  663  671  680  679  665  636  596
    15.0-180.0 180.0   5.0 450.0                            LAT/LON1/LON2/DLON/H
  629  586  553  545  552  558  550  528  496  465  432  394  354  317  287  269
  268  278  290  306  328  351  365  369  376  397  421  433  431  420  404  386
  363  328  279  232  202  185  170  157  156  172  198  223  243  260  282  311
  347  388  432  475  516  551  578  596  605  615  638  677  717  739  744  736
  720  704  698  701  707  708  694  667  629
    12.5-180.0 180.0   5.0 450.0                            LAT/LON1/LON2/DLON/H
  653  619  595  593  607  618  618  603  578  548  514  472  427  383  347  328
  332  349  362  372  388  406  416  413  414  428  444  444  430  409  386  362
  335  298  251  206  176  159  144  132  132  146  172  203  233  258  286  320
  359  401  445  487  527  561  585  598  604  613  639  686  732  760  768  764
  751  734  721  718  722  722  709  684  653
    10.0-180.0 180.0   5.0 450.0                            LAT/LON1/LON2/DLON/H
  668  646  634  639  655  668  673  666  649  623  590  549  503  458  419  400
  411  436  447  446  449  460  462  453  446  451  455  443  415  384  354  325
  296  261  217  178  152  138  126  118  119  134  160  193  228  259  292  329
  370  412  454  495  535  569  592  603  609  619  648  697  746  773  783  782
  772  754  735  725  725  725  712  691  668
     7.5-180.0 180.0   5.0 450.0                            LAT/LON1/LON2/DLON/H
  675  668  668  679  693  701  704  702  692  673  645  608  566  523  485  469
  491  525  534  518  506  505  500  484  469  463  455  429  390  351  315  285
  256  223  187  155  137  128  121  117  120  133  157  190  227  261  296  334
  375  416  456  496  538  575  599  612  621  634  664  712  756  780  788  788
  782  763  739  723  720  719  706  688  675
     5.0-180.0 180.0   5.0 450.0                            LAT/LON1/LON2/DLON/H
  674  680  691  707  718  718  713  707  698  683  662  633  598  562  529  520
  552  596  603  574  547  536  523  501  480  464  443  407  360  315  278  247
  220  194  167  146  135  131  128  126  129  140  160  192  227  262  297  334
  373  412  451  491  535  577  605  622  634  652  681  723  760  777  782  784
  780  762  734  713  708  705  694  680  674
     2.5-180.0 180.0   5.0 450.0                            LAT/LON1/LON2/DLON/H
  666  679  701  721  729  721  705  690  675  658  637  612  585  557  535  536
  579  629  636  601  564  543  524  500  474  451  421  378  328  283  247  220
  198  178  161  149  144  143  142  140  141  149  166  194  227  259  292  327
  364  402  439  479  527  573  606  627  644  664  692  726  753  764  765  768
  766  748  719  697  690  687  676  665  666
