ionex_esag_emptyfiles/esag2700.12i
     1.0            IONOSPHERE MAPS     GPS                 IONEX VERSION / TYPE
GIM V3.0            JPL - GNISD         29-sep-2012 05:31   PGM / RUN BY / DATE 
JPL'S GLOBAL IONOSPHERE MAPS YEAR 2012 DAY 270              COMMENT             
Global Ionospheric Maps (GIM) are generated on an hourly    DESCRIPTION         
and daily basis at JPL using data from up to 100 GPS sites  DESCRIPTION         
of the IGS and others institutions.                         DESCRIPTION         
The vertical TEC is modeled in a solar-geomagnetic          DESCRIPTION         
reference frame using bi-cubic splines on a spherical grid. DESCRIPTION         
A Kalman filter is used to solve simultaneously for         DESCRIPTION         
instrumental biases and VTEC on the grid (as stochastic     DESCRIPTION         
parameters).                                                DESCRIPTION         
Contact Address:  gpsiono@cobra.jpl.nasa.gov .              DESCRIPTION         
  2012     9    26     0     0     0                        EPOCH OF FIRST MAP  
  2012     9    27     0     0     0                        EPOCH OF LAST MAP   
  7200                                                      INTERVAL            
    13                                                      # OF MAPS IN FILE   
  NONE                                                      MAPPING FUNCTION    
    10.0                                                    ELEVATION CUTOFF    
One-way carrier phase leveled to code                       OBSERVABLES USED    
   170                                                      # OF STATIONS       
    31                                                      # OF SATELLITES     
  6371.0                                                    BASE RADIUS         
     2                                                      MAP DIMENSION       
   450.0 450.0   0.0                                        HGT1 / HGT2 / DHGT  
    87.5 -87.5  -2.5                                        LAT1 / LAT2 / DLAT  
  -180.0 180.0   5.0                                        LON1 / LON2 / DLON  
    -1                                                      EXPONENT            
TEC/RMS values in 0.1 TECU; 9999, if no value available     COMMENT             
                                                            END OF HEADER       
[from data line 3003]
     8                                                      START OF TEC MAP    
  2012     9    26    14     0     0                        EPOCH OF CURRENT MAP
    87.5-180.0 180.0   5.0 450.0                            LAT/LON1/LON2/DLON/H
  226  225  225  225  224  224  223  223  222  222  221  221  220  219  219  218
  218  217  217  217  217  216  216  216  216  216  217  217  217  217  217  217
  218  218  218  218  218  218  219  219  219  219  219  219  219  219  219  219
  219  219  219  220  220  220  221  221  221  222  222  223  223  224  224  224
  225  225  225  226  226  226  226  226  226
    85.0-180.0 180.0   5.0 450.0                            LAT/LON1/LON2/DLON/H
  230  229  228  228  227  225  224  223  222  221  220  218  217  216  215  214
  214  213  213  212  212  213  213  214  214  215  216  218  219  220  221  222
  223  223  224  224  224  224  224  223  223  222  222  221  220  220  219  219
  219  218  218  218  218  219  219  220  221  221  222  223  224  226  227  228
  228  229  230  230  231  231  231  230  230
    82.5-180.0 180.0   5.0 450.0                            LAT/LON1/LON2/DLON/H
  227  226  224  222  221  219  217  216  215  213  212  211  210  209  208  207
  207  207  207  208  209  210  212  214  217  220  223  226  229  231  234  236
  237  239  239  239  239  238  237  236  234  232  230  228  226  224  222  220
  219  218  217  217  216  216  217  217  218  219  220  221  223  224  226  227
  228  230  230  231  231  231  230  229  227
    80.0-180.0 180.0   5.0 450.0                            LAT/LON1/LON2/DLON/H
  215  212  209  207  205  203  202  201  200  200  200  200  200  200  200  200
  200  201  202  204  207  211  215  220  226  232  238  243  249  253  257  260
  262  263  263  263  262  260  258  255  251  247  243  239  235  231  227  224
  221  219  217  215  214  213  213  213  213  213  214  215  217  218  220  221
  223  224  224  224  224  222  220  218  215
    77.5-180.0 180.0   5.0 450.0                            LAT/LON1/LON2/DLON/H
  194  190  186  183  181  180  179  180  181  183  186  188  189  190  191  193
  194  196  200  204  209  216  224  234  243  253  262  270  277  282  287  290
  292  292  292  291  288  286  282  277  272  266  260  253  247  241  235  230
  225  222  218  216  213  211  209  207  206  205  204  204  205  206  207  208
  209  210  210  209  207  205  202  198  194
    75.0-180.0 180.0   5.0 450.0                            LAT/LON1/LON2/DLON/H
  166  162  158  155  153  153  154  156  160  164  168  173  177  181  184  187
  190  194  200  207  216  227  240  253  267  280  291  301  309  315  319  321
  322  321  320  317  314  310  305  299  293  285  277  268  260  252  244  237
  231  226  222  217  213  209  205  201  197  194  191  190  188  188  188  188
  188  187  187  185  182  179  175  171  166
    72.5-180.0 180.0   5.0 450.0                            LAT/LON1/LON2/DLON/H
  136  132  129  127  126  126  129  132  138  144  151  158  165  172  177  183
  188  195  203  213  226  241  258  275  291  306  320  330  339  344  347  348
  347  345  342  339  335  330  325  318  311  302  293  283  273  263  254  245
  238  231  225  220  214  207  201  194  188  182  177  173  170  167  165  164
  162  161  158  156  152  148  144  140  136
    70.0-180.0 180.0   5.0 450.0                            LAT/LON1/LON2/DLON/H
  108  106  104  102  102  103  106  111  117  126  135  145  155  164  172  180
  188  197  208  222  238  256  275  294  312  328  341  351  358  363  364  364
  362  360  357  353  349  344  339  332  324  316  306  295  283  272  262  252
  243  235  228  220  213  204  195  187  178  170  163  157  152  147  143  140
  137  134  130  126  122  118  114  111  108
    67.5-180.0 180.0   5.0 450.0                            LAT/LON1/LON2/DLON/H
   87   86   85   85   85   87   89   94  101  110  121  134  146  158  169  179
  189  200  214  230  249  268  288  306  323  338  349  358  363  367  368  368
  367  365  362  359  356  352  347  340  333  325  315  303  291  279  267  256
  246  237  227  218  209  198  188  178  168  159  151  144  137  131  126  121
  116  111  107  102   97   93   90   88   87
    65.0-180.0 180.0   5.0 450.0                            LAT/LON1/LON2/DLON/H
   73   74   74   75   75   76   79   82   89   98  110  124  139  153  167  179
  191  205  221  238  257  275  293  309  324  335  344  351  356  360  362  363
  363  362  361  359  356  353  349  344  337  330  321  309  297  283  270  257
  245  234  222  211  200  189  178  168  158  150  143  135  128  121  115  110
  104   99   93   88   82   78   75   74   73
    62.5-180.0 180.0   5.0 450.0                            LAT/LON1/LON2/DLON/H
   69   70   70   71   71   72   73   76   81   89  101  116  132  149  165  180
  195  210  227  245  262  278  293  306  316  325  332  337  343  347  351  354
  355  355  354  353  352  350  347  344  339  332  324  313  300  285  270  255
  240  226  213  201  188  177  166  157  150  144  138  132  125  119  113  107
  102   97   92   86   80   75   71   70   69
    60.0-180.0 180.0   5.0 450.0                            LAT/LON1/LON2/DLON/H
   74   74   74   73   73   72   72   72   75   82   93  108  126  144  163  181
  198  216  233  251  266  280  291  300  307  313  319  324  330  337  343  347
  350  349  348  346  345  345  344  342  339  334  327  317  303  286  268  250
  234  218  204  190  177  166  156  149  145  141  138  134  128  122  117  112
  108  104  100   94   88   82   78   75   74
    57.5-180.0 180.0   5.0 450.0                            LAT/LON1/LON2/DLON/H
   85   83   82   81   79   77   74   72   72   77   86  101  120  140  162  183
  203  223  241  257  271  281  289  295  301  306  312  319  327  335  343  348
  349  347  343  341  340  341  342  341  340  337  331  321  306  288  267  247
  229  212  197  182  170  159  151  146  144  144  143  140  136  131  127  123
  121  118  114  109  103   97   92   88   85
    55.0-180.0 180.0   5.0 450.0                            LAT/LON1/LON2/DLON/H
   99   96   94   91   88   84   79   74   72   75   83   97  116  138  162  186
  209  230  249  265  277  286  292  297  302  308  316  325  335  344  351  354
  353  348  342  339  339  341  343  344  344  342  337  327  312  292  270  248
  229  211  196  182  170  160  154  151  151  153  153  152  149  145  140  138
  136  134  132  127  121  115  108  103   99
    52.5-180.0 180.0   5.0 450.0                            LAT/LON1/LON2/DLON/H
  113  109  105  102   98   93   87   80   77   78   85   98  117  139  165  192
  217  240  259  274  286  294  300  306  312  320  330  340  351  360  365  365
  360  353  345  341  342  346  349  351  350  348  344  335  319  299  276  255
  235  219  204  191  179  170  165  163  164  166  167  167  164  160  156  154
  153  151  149  144  138  132  125  118  113
    50.0-180.0 180.0   5.0 450.0                            LAT/LON1/LON2/DLON/H
  124  119  115  111  107  101   95   89   85   87   93  105  123  145  172  200
  226  250  269  284  296  304  311  318  326  336  347  360  371  378  379  376
  368  358  351  348  351  356  359  360  358  356  352  344  329  310  289  268
  250  235  220  207  195  185  179  178  179  181  181  181  178  175  172  169
  168  166  164  159  152  145  138  130  124
    47.5-180.0 180.0   5.0 450.0                            LAT/LON1/LON2/DLON/H
  131  125  120  116  112  107  101   97   96   99  107  119  136  157  183  211
  237  260  279  295  307  316  323  331  341  352  364  377  387  392  390  383
  373  364  358  357  363  369  372  371  368  365  361  354  342  325  306  287
  270  254  239  225  211  199  193  191  192  192  192  190  188  186  183  181
  180  178  175  170  163  154  146  138  131
    45.0-180.0 180.0   5.0 450.0                            LAT/LON1/LON2/DLON/H
  133  126  120  116  112  108  105  105  108  114  124  137  153  174  198  223
  248  270  289  305  318  327  335  343  352  363  376  388  397  399  395  386
  376  369  366  369  376  383  384  381  377  373  370  365  356  342  325  308
  291  275  258  240  222  207  199  197  198  197  195  192  190  189  188  187
  186  184  181  176  169  160  150  141  133
    42.5-180.0 180.0   5.0 450.0                            LAT/LON1/LON2/DLON/H
  131  124  117  111  106  103  104  109  117  127  140  154  171  191  213  237
  259  279  297  313  326  336  343  350  358  368  380  391  399  400  395  386
  379  375  376  382  390  395  395  390  385  383  381  379  372  360  346  329
  312  293  272  248  225  206  196  195  197  195  189  184  183  184  185  186
  186  185  183  178  170  160  150  140  131
    40.0-180.0 180.0   5.0 450.0                            LAT/LON1/LON2/DLON/H
  127  119  111  103   97   95   99  109  122  136  152  169  188  207  228  249
  269  287  304  319  333  343  348  353  359  368  378  388  395  397  393  387
  384  386  391  399  405  408  407  401  397  396  397  396  391  381  366  348
  328  305  280  251  223  200  190  192  195  191  182  174  173  176  179  181
  182  182  181  176  167  157  146  136  127
    37.5-180.0 180.0   5.0 450.0                            LAT/LON1/LON2/DLON/H
  122  114  105   96   89   87   93  106  123  140  159  179  199  220  240  259
  278  294  309  324  337  346  350  353  357  364  374  383  390  393  391  391
  394  403  413  421  426  427  424  420  416  416  418  419  414  403  387  367
  344  319  290  258  227  204  195  199  202  195  181  171  169  172  177  180
  181  181  179  174  163  151  140  131  122
    35.0-180.0 180.0   5.0 450.0                            LAT/LON1/LON2/DLON/H
  117  110  101   91   83   80   87  101  120  139  160  182  205  227  248  267
  284  300  313  326  338  347  349  350  353  360  370  380  386  390  394  401
  413  428  443  452  456  457  455  451  448  448  450  450  444  430  411  389
  366  339  310  279  249  228  223  227  227  214  195  181  178  181  185  187
  188  187  184  176  162  147  134  125  117
    32.5-180.0 180.0   5.0 450.0                            LAT/LON1/LON2/DLON/H
  114  108  100   91   81   77   82   96  114  134  156  180  206  230  252  272
  290  304  316  326  336  343  345  345  348  357  368  380  387  393  404  420
  441  464  482  494  500  503  505  503  497  492  491  488  478  462  442  420
  398  374  349  322  298  285  286  290  280  257  231  213  207  208  210  211
  209  207  200  188  169  148  132  121  114
    30.0-180.0 180.0   5.0 450.0                            LAT/LON1/LON2/DLON/H
  112  107  101   93   84   79   80   90  106  126  149  175  203  231  255  276
  294  308  318  324  331  336  338  340  345  356  371  385  394  405  424  451
  481  509  532  549  561  571  577  574  561  546  536  529  518  501  482  463
  446  430  413  395  381  377  383  380  356  318  284  264  255  253  252  251
  248  243  232  213  186  158  135  121  112
    27.5-180.0 180.0   5.0 450.0                            LAT/LON1/LON2/DLON/H
  113  107  102   97   89   82   80   85   98  116  139  167  199  231  259  282
  300  313  320  322  325  329  332  336  344  359  379  396  411  429  458  496
  534  566  593  617  638  654  662  654  630  601  582  570  560  547  533  520
  511  504  495  484  476  480  487  476  435  382  342  321  312  306  304  301
  298  290  276  251  215  178  146  125  113
    25.0-180.0 180.0   5.0 450.0                            LAT/LON1/LON2/DLON/H
  115  106  103  100   94   86   79   79   88  105  128  158  193  231  264  289
  308  319  323  321  321  323  327  334  346  366  390  414  438  469  511  559
  603  635  661  689  717  738  745  729  693  651  621  607  601  597  591  585
  582  580  575  566  560  566  572  552  496  432  392  373  365  359  355  352
  348  340  323  293  251  204  163  133  115
    22.5-180.0 180.0   5.0 450.0                            LAT/LON1/LON2/DLON/H
  118  105  101  100   96   88   78   74   80   95  117  148  188  234  273  301
  319  328  328  323  320  321  326  336  353  378  407  439  477  526  583  638
  680  706  726  754  784  806  809  785  738  685  649  635  638  646  649  647
  646  643  635  621  608  609  611  583  520  454  419  409  405  401  397  394
  390  382  364  332  285  232  183  144  118
    20.0-180.0 180.0   5.0 450.0                            LAT/LON1/LON2/DLON/H
  122  104   98   98   95   87   76   71   75   87  108  140  185  238  283  314
  332  339  336  329  324  324  330  343  364  394  429  469  524  593  663  720
  755  769  778  799  826  843  839  808  756  702  666  655  668  686  695  695
  689  679  658  627  598  586  580  551  492  438  417  420  426  426  424  421
  416  407  390  359  313  257  202  155  122
    17.5-180.0 180.0   5.0 450.0                            LAT/LON1/LON2/DLON/H
  127  104   95   94   93   85   75   70   73   84  102  134  183  242  293  327
  345  351  347  338  333  333  340  356  381  415  454  503  573  658  736  789
  812  811  806  815  831  839  830  800  754  707  677  672  690  714  724  718
  701  674  633  582  535  510  499  476  433  400  399  418  433  439  437  433
  425  414  397  369  327  275  218  166  127
    15.0-180.0 180.0   5.0 450.0                            LAT/LON1/LON2/DLON/H
  135  107   95   92   90   83   75   72   76   84  100  131  182  245  300  337
  357  364  359  352  347  348  356  374  403  440  482  537  617  712  790  832
  839  821  801  797  802  805  797  775  742  709  688  687  706  727  730  714
  684  639  579  509  448  414  403  391  371  363  382  414  437  446  445  437
  425  409  390  365  330  284  230  177  135
    12.5-180.0 180.0   5.0 450.0                            LAT/LON1/LON2/DLON/H
  145  114   98   92   88   81   76   75   80   87  101  131  182  245  302  342
  367  377  375  369  366  368  377  397  429  469  513  571  653  745  813  837
  826  798  771  759  757  758  756  747  731  715  705  706  719  727  719  693
  651  592  517  437  370  335  329  331  333  347  380  420  447  456  453  442
  424  401  378  354  326  286  238  188  145
    10.0-180.0 180.0   5.0 450.0                            LAT/LON1/LON2/DLON/H
  156  124  105   95   88   81   77   78   84   90  103  133  182  242  298  342
  373  389  391  389  388  392  404  426  460  501  546  601  676  755  805  810
  787  757  732  718  714  717  724  731  735  735  731  729  729  721  700  667
  619  551  469  390  330  306  312  330  348  373  411  450  472  476  469  453
  429  397  367  343  319  286  244  198  156
     7.5-180.0 180.0   5.0 450.0                            LAT/LON1/LON2/DLON/H
  168  135  114  101   91   82   77   80   85   91  104  134  182  238  292  339
  377  401  409  411  414  420  434  458  493  535  578  629  691  751  780  771
  742  715  699  691  690  700  719  739  754  761  759  750  736  713  682  646
  599  532  455  390  351  346  366  392  415  439  470  499  511  506  494  476
  446  405  365  336  313  284  247  207  168
     5.0-180.0 180.0   5.0 450.0                            LAT/LON1/LON2/DLON/H
  178  147  125  109   95   84   78   79   84   89  103  134  180  233  285  335
  380  411  426  434  440  449  465  491  527  568  609  654  702  740  752  734
  706  691  690  693  699  714  737  761  779  787  781  765  739  706  672  641
  602  542  476  430  417  433  463  492  511  525  543  556  554  539  522  503
  470  420  371  336  310  282  249  213  178
     2.5-180.0 180.0   5.0 450.0                            LAT/LON1/LON2/DLON/H
  186  158  135  117  101   87   79   78   80   85  100  133  179  229  281  333
  383  420  442  454  464  477  496  523  559  598  637  676  710  731  732  715
  699  699  712  723  732  745  766  786  799  801  788  764  732  699  670  649
  619  569  516  492  504  537  574  600  609  610  611  609  592  567  546  527
  493  439  382  341  311  281  249  217  186
